0.065208 0.666649 -0.0144271 -0.390544 0 
0.0956239 0.665671 -0.0241358 -0.257516 1 
0.12604 0.664386 -0.031779 -0.248882 2 
0.156456 0.662787 -0.0396084 -0.257475 3 
0.186872 0.660879 -0.047391 -0.25502 4 
0.217288 0.658665 -0.05515 -0.255376 5 
0.247704 0.656151 -0.0628793 -0.257609 6 
0.278119 0.653334 -0.0707293 -0.257131 7 
0.308535 0.650216 -0.0786284 -0.259907 8 
0.338951 0.6468 -0.0865888 -0.262042 9 
0.369367 0.643089 -0.094593 -0.262175 10 
0.399783 0.639089 -0.102569 -0.263562 11 
0.430199 0.634804 -0.110595 -0.266871 12 
0.460615 0.630237 -0.118681 -0.267369 13 
0.491031 0.625392 -0.126881 -0.269621 14 
0.521447 0.620274 -0.135068 -0.27172 15 
0.551863 0.614887 -0.143398 -0.273585 16 
0.582279 0.609237 -0.151754 -0.274833 17 
0.612695 0.603328 -0.160216 -0.278205 18 
0.643111 0.597167 -0.168711 -0.281335 19 
0.673526 0.590763 -0.177262 -0.282928 20 
0.703942 0.584117 -0.185973 -0.287197 21 
0.734358 0.577237 -0.194776 -0.290331 22 
0.764774 0.570129 -0.203685 -0.294271 23 
0.79519 0.562799 -0.2127 -0.299613 24 
0.825606 0.555257 -0.221791 -0.301234 25 
0.856022 0.547507 -0.231064 -0.306174 26 
0.886438 0.53956 -0.240366 -0.311897 27 
0.916854 0.531416 -0.250003 -0.315965 28 
0.94727 0.52309 -0.259602 -0.322517 29 
0.977686 0.514585 -0.269474 -0.325725 30 
1.0081 0.505911 -0.279469 -0.330418 31 
1.03852 0.497072 -0.28974 -0.335944 32 
1.06893 0.488079 -0.300143 -0.34167 33 
1.09935 0.478944 -0.310576 -0.349997 34 
1.12977 0.469676 -0.321215 -0.357379 35 
1.16018 0.460282 -0.33213 -0.363627 36 
1.1906 0.450768 -0.343344 -0.370107 37 
1.22101 0.441146 -0.354684 -0.378784 38 
1.25143 0.431425 -0.366313 -0.38477 39 
1.28185 0.421615 -0.378107 -0.391727 40 
1.31226 0.41172 -0.390402 -0.402721 41 
1.34268 0.401752 -0.402894 -0.415958 42 
1.37309 0.391723 -0.415576 -0.425164 43 
1.40351 0.38164 -0.428677 -0.432786 44 
1.43392 0.371518 -0.441876 -0.447853 45 
1.46434 0.36136 -0.455706 -0.458686 46 
1.49476 0.351178 -0.469861 -0.468604 47 
1.52517 0.340982 -0.484346 -0.484806 48 
1.55559 0.330779 -0.499414 -0.500067 49 
1.586 0.320581 -0.514755 -0.516947 50 
1.61642 0.310397 -0.530677 -0.532516 51 
1.64684 0.30024 -0.546971 -0.547182 52 
1.67725 0.290113 -0.564041 -0.570378 53 
1.70767 0.28003 -0.5815 -0.58725 54 
1.73808 0.269996 -0.599844 -0.606273 55 
1.7685 0.260026 -0.618479 -0.634968 56 
1.79892 0.250124 -0.638254 -0.658412 57 
1.82933 0.240301 -0.658566 -0.681014 58 
1.85975 0.230567 -0.67977 -0.709596 59 
1.89016 0.220927 -0.702074 -0.737709 60 
1.92058 0.211395 -0.725026 -0.772271 61 
1.951 0.201983 -0.748749 -0.804681 62 
1.98141 0.192694 -0.773872 -0.845376 63 
2.01183 0.183539 -0.800223 -0.888276 64 
2.04224 0.174526 -0.827769 -0.929498 65 
2.07266 0.165662 -0.856849 -0.97978 66 
2.10308 0.156957 -0.887318 -1.02208 67 
2.13349 0.148419 -0.919402 -1.08103 68 
2.16391 0.140057 -0.953303 -1.15414 69 
2.19432 0.131878 -0.989209 -1.22583 70 
2.22474 0.123886 -1.02766 -1.29168 71 
2.25515 0.116088 -1.06872 -1.37587 72 
2.28557 0.108495 -1.11199 -1.47358 73 
2.31599 0.101115 -1.1581 -1.57905 74 
2.3464 0.0939522 -1.20773 -1.69388 75 
2.37682 0.0870108 -1.26173 -1.82093 76 
2.40723 0.0803029 -1.31883 -1.96147 77 
2.43765 0.0738328 -1.3809 -2.12241 78 
2.46807 0.0676026 -1.44919 -2.31104 79 
2.49848 0.0616201 -1.52318 -2.53701 80 
2.5289 0.0558935 -1.60345 -2.79981 81 
2.55931 0.0504265 -1.69206 -3.08855 82 
2.58973 0.0452224 -1.79057 -3.43221 83 
2.62015 0.0402846 -1.9007 -3.80476 84 
2.65056 0.0356187 -2.02358 -4.27582 85 
2.68098 0.0312272 -2.16304 -4.82727 86 
2.71139 0.0271188 -2.31891 -5.50763 87 
2.74181 0.023296 -2.49775 -6.36181 88 
2.77223 0.0197577 -2.70811 -7.43062 89 
2.80264 0.0165079 -2.95416 -8.78867 90 
2.83306 0.0135489 -3.24713 -10.5149 91 
2.86347 0.0108805 -3.60565 -12.8833 92 
2.89389 0.00850637 -4.04647 -15.9488 93 
2.92431 0.00643333 -4.59173 -20.7323 94 
2.95472 0.00465738 -5.31035 -27.5953 95 
2.98514 0.00317471 -6.29993 -37.0841 96 
3.01555 0.00199343 -7.64994 -52.7012 97 
3.04597 0.00110059 -9.76481 -87.034 98 
3.07638 0.000479115 -13.6715 -185.258 99 
