0.065208 0.0450355 6.85226 -120.716 0 
0.0956239 0.0592689 4.51466 -38.076 1 
0.12604 0.0736734 3.57637 -22.5115 2 
0.156456 0.0881237 2.94417 -17.2325 3 
0.186872 0.102571 2.49559 -12.2658 4 
0.217288 0.117036 2.16868 -9.24803 5 
0.247704 0.131327 1.89399 -7.31961 6 
0.278119 0.145555 1.69092 -5.97177 7 
0.308535 0.159692 1.52375 -5.1005 8 
0.338951 0.173662 1.37864 -4.19021 9 
0.369367 0.187466 1.25729 -3.60686 10 
0.399783 0.201083 1.15269 -3.13428 11 
0.430199 0.214502 1.06203 -2.70243 12 
0.460615 0.227773 0.986779 -2.46467 13 
0.491031 0.240857 0.918199 -2.20148 14 
0.521447 0.253752 0.857327 -1.96474 15 
0.551863 0.266429 0.801425 -1.81273 16 
0.582279 0.278866 0.74998 -1.58639 17 
0.612695 0.291072 0.70421 -1.44929 18 
0.643111 0.303017 0.66115 -1.34857 19 
0.673526 0.314695 0.621643 -1.25419 20 
0.703942 0.326092 0.584791 -1.16394 21 
0.734358 0.33719 0.550141 -1.08934 22 
0.764774 0.347986 0.518113 -1.02317 23 
0.79519 0.358471 0.487971 -0.965381 24 
0.825606 0.368633 0.459553 -0.919173 25 
0.856022 0.378465 0.432697 -0.86618 26 
0.886438 0.387957 0.407175 -0.822695 27 
0.916854 0.397096 0.382744 -0.788714 28 
0.94727 0.405875 0.359493 -0.747947 29 
0.977686 0.414288 0.337258 -0.713911 30 
1.0081 0.422324 0.315818 -0.688905 31 
1.03852 0.429979 0.295273 -0.663958 32 
1.06893 0.437245 0.27547 -0.643787 33 
1.09935 0.444116 0.256331 -0.621836 34 
1.12977 0.450584 0.237677 -0.603564 35 
1.16018 0.456643 0.21958 -0.586912 36 
1.1906 0.462283 0.201813 -0.572382 37 
1.22101 0.467503 0.184565 -0.56271 38 
1.25143 0.472297 0.16771 -0.548637 39 
1.28185 0.476662 0.151245 -0.535757 40 
1.31226 0.480594 0.135035 -0.527134 41 
1.34268 0.484087 0.119051 -0.521932 42 
1.37309 0.48714 0.103333 -0.514442 43 
1.40351 0.489748 0.087785 -0.507389 44 
1.43392 0.491911 0.0724357 -0.50205 45 
1.46434 0.493625 0.0571845 -0.498863 46 
1.49476 0.494891 0.0421034 -0.495305 47 
1.52517 0.495706 0.0270466 -0.49271 48 
1.55559 0.496072 0.0121301 -0.493317 49 
1.586 0.495987 -0.00279543 -0.490928 50 
1.61642 0.495451 -0.0177745 -0.491199 51 
1.64684 0.494463 -0.032828 -0.49446 52 
1.67725 0.493026 -0.0478362 -0.496741 53 
1.70767 0.491141 -0.0629827 -0.498881 54 
1.73808 0.488807 -0.0783011 -0.504021 55 
1.7685 0.486028 -0.0937347 -0.511455 56 
1.79892 0.482805 -0.109366 -0.517397 57 
1.82933 0.479142 -0.125201 -0.522168 58 
1.85975 0.475043 -0.141223 -0.530496 59 
1.89016 0.470512 -0.157554 -0.541285 60 
1.92058 0.465555 -0.174107 -0.552121 61 
1.951 0.460173 -0.191134 -0.564664 62 
1.98141 0.454373 -0.208518 -0.577356 63 
2.01183 0.448158 -0.226418 -0.593508 64 
2.04224 0.441534 -0.244782 -0.612779 65 
2.07266 0.434509 -0.263625 -0.630218 66 
2.10308 0.427089 -0.283145 -0.650396 67 
2.13349 0.419281 -0.303322 -0.675849 68 
2.16391 0.411088 -0.324409 -0.702561 69 
2.19432 0.402523 -0.346102 -0.730838 70 
2.22474 0.393594 -0.368777 -0.764818 71 
2.25515 0.384309 -0.39246 -0.79843 72 
2.28557 0.374677 -0.417233 -0.838996 73 
2.31599 0.364708 -0.443331 -0.88892 74 
2.3464 0.354409 -0.470892 -0.938111 75 
2.37682 0.34379 -0.500086 -0.985853 76 
2.40723 0.332856 -0.531277 -1.04893 77 
2.43765 0.321625 -0.564238 -1.14039 78 
2.46807 0.3101 -0.599868 -1.20146 79 
2.49848 0.298301 -0.637691 -1.29224 80 
2.5289 0.286236 -0.678709 -1.41686 81 
2.55931 0.273917 -0.723196 -1.52602 82 
2.58973 0.261353 -0.77181 -1.68269 83 
2.62015 0.248551 -0.825642 -1.83229 84 
2.65056 0.235543 -0.883624 -2.01178 85 
2.68098 0.222331 -0.949004 -2.24782 86 
2.71139 0.208935 -1.02155 -2.52395 87 
2.74181 0.195344 -1.10569 -2.89094 88 
2.77223 0.181597 -1.19958 -3.357 89 
2.80264 0.167693 -1.30943 -3.90411 90 
2.83306 0.15365 -1.43767 -4.52818 91 
2.86347 0.139523 -1.58553 -5.44154 92 
2.89389 0.125309 -1.76631 -6.6917 93 
2.92431 0.111021 -1.99015 -8.1742 94 
2.95472 0.0966524 -2.27832 -10.6366 95 
2.98514 0.082277 -2.64711 -13.8942 96 
3.01555 0.0680008 -3.13279 -18.1178 97 
3.04597 0.0538873 -3.82404 -27.2651 98 
3.07638 0.0397173 -5.01562 -53.5253 99 
