0.065208 0.157769 2.18596 -35.0395 0 
0.0956239 0.173019 1.51673 -9.97522 1 
0.12604 0.186622 1.2442 -6.61518 2 
0.156456 0.199003 1.05588 -5.42054 3 
0.186872 0.210389 0.914636 -3.98265 4 
0.217288 0.220981 0.807467 -3.13629 5 
0.247704 0.230887 0.720851 -2.60764 6 
0.278119 0.24021 0.65077 -2.07933 7 
0.308535 0.249024 0.592382 -1.72339 8 
0.338951 0.257401 0.543844 -1.55393 9 
0.369367 0.265366 0.500982 -1.32012 10 
0.399783 0.272928 0.461917 -1.13251 11 
0.430199 0.280132 0.428261 -0.986507 12 
0.460615 0.287026 0.39967 -0.911731 13 
0.491031 0.293624 0.37359 -0.825074 14 
0.521447 0.299942 0.349956 -0.730141 15 
0.551863 0.306 0.328719 -0.672942 16 
0.582279 0.3118 0.30869 -0.63044 17 
0.612695 0.317369 0.290977 -0.576621 18 
0.643111 0.322712 0.27446 -0.533751 19 
0.673526 0.327834 0.25885 -0.497773 20 
0.703942 0.332741 0.244237 -0.460779 21 
0.734358 0.337444 0.230721 -0.43131 22 
0.764774 0.341945 0.217826 -0.407333 23 
0.79519 0.346252 0.205775 -0.384891 24 
0.825606 0.350368 0.194251 -0.364801 25 
0.856022 0.354298 0.183366 -0.3491 26 
0.886438 0.358046 0.173012 -0.333065 27 
0.916854 0.361616 0.163068 -0.318647 28 
0.94727 0.365012 0.153666 -0.305316 29 
0.977686 0.368236 0.14457 -0.291708 30 
1.0081 0.371291 0.135809 -0.279552 31 
1.03852 0.374179 0.12738 -0.273087 32 
1.06893 0.376902 0.11917 -0.265351 33 
1.09935 0.379461 0.111268 -0.255165 34 
1.12977 0.38186 0.103584 -0.248156 35 
1.16018 0.384099 0.0961241 -0.242075 36 
1.1906 0.386181 0.0888281 -0.236047 37 
1.22101 0.388105 0.0817292 -0.231906 38 
1.25143 0.389874 0.0747523 -0.22703 39 
1.28185 0.391489 0.0679467 -0.222756 40 
1.31226 0.39295 0.0612487 -0.219641 41 
1.34268 0.394258 0.0546289 -0.215591 42 
1.37309 0.395414 0.0481304 -0.212358 43 
1.40351 0.396418 0.0416863 -0.210424 44 
1.43392 0.397271 0.0353091 -0.208585 45 
1.46434 0.397972 0.0289802 -0.206637 46 
1.49476 0.398522 0.0227248 -0.205754 47 
1.52517 0.398922 0.0164951 -0.204789 48 
1.55559 0.399172 0.010296 -0.203571 49 
1.586 0.399272 0.00410263 -0.203137 50 
1.61642 0.399221 -0.00208998 -0.203176 51 
1.64684 0.39902 -0.0082737 -0.203448 52 
1.67725 0.398669 -0.0144746 -0.204357 53 
1.70767 0.398167 -0.020728 -0.205695 54 
1.73808 0.397514 -0.0269931 -0.207269 55 
1.7685 0.396709 -0.0333097 -0.209329 56 
1.79892 0.395753 -0.0396767 -0.210365 57 
1.82933 0.394644 -0.0461261 -0.212747 58 
1.85975 0.393382 -0.0526459 -0.216809 59 
1.89016 0.391966 -0.0592837 -0.220233 60 
1.92058 0.390394 -0.0660407 -0.223115 61 
1.951 0.388667 -0.0729002 -0.227349 62 
1.98141 0.386783 -0.0798622 -0.232569 63 
2.01183 0.384741 -0.0870292 -0.237973 64 
2.04224 0.382539 -0.0943423 -0.244094 65 
2.07266 0.380176 -0.101872 -0.249937 66 
2.10308 0.37765 -0.109596 -0.257683 67 
2.13349 0.374959 -0.117553 -0.265708 68 
2.16391 0.3721 -0.125811 -0.275146 69 
2.19432 0.369072 -0.134331 -0.285457 70 
2.22474 0.365872 -0.143157 -0.295712 71 
2.25515 0.362495 -0.152415 -0.308703 72 
2.28557 0.35894 -0.162008 -0.323061 73 
2.31599 0.355203 -0.172028 -0.338563 74 
2.3464 0.351281 -0.182524 -0.354439 75 
2.37682 0.347167 -0.193673 -0.373672 76 
2.40723 0.342857 -0.205372 -0.394838 77 
2.43765 0.338346 -0.217718 -0.419767 78 
2.46807 0.333627 -0.230876 -0.448075 79 
2.49848 0.328693 -0.244922 -0.475412 80 
2.5289 0.323538 -0.259875 -0.506846 81 
2.55931 0.318155 -0.275828 -0.550669 82 
2.58973 0.312529 -0.293285 -0.598373 83 
2.62015 0.306645 -0.312445 -0.646577 84 
2.65056 0.300494 -0.333069 -0.706655 85 
2.68098 0.294067 -0.355435 -0.783776 86 
2.71139 0.287343 -0.380229 -0.867789 87 
2.74181 0.280295 -0.408216 -0.971842 88 
2.77223 0.272901 -0.439517 -1.11499 89 
2.80264 0.265124 -0.475224 -1.25287 90 
2.83306 0.256923 -0.516542 -1.43811 91 
2.86347 0.24824 -0.565182 -1.71184 92 
2.89389 0.239027 -0.621679 -2.0448 93 
2.92431 0.229204 -0.689828 -2.51727 94 
2.95472 0.218652 -0.774781 -3.13766 95 
2.98514 0.207232 -0.881846 -3.90507 96 
3.01555 0.19478 -1.01867 -4.98748 97 
3.04597 0.181038 -1.20267 -7.22546 98 
3.07638 0.16511 -1.514 -13.9575 99 
