0.065208 0.000360801 26.1508 -596.052 0 
0.0956239 0.000965674 16.184 -161.902 1 
0.12604 0.00201542 12.0949 -90.8337 2 
0.156456 0.00362171 9.63505 -68.8593 3 
0.186872 0.00589006 7.9945 -45.6891 4 
0.217288 0.00896178 6.89939 -32.4913 5 
0.247704 0.0128974 5.9846 -25.7431 6 
0.278119 0.0178248 5.31902 -20.581 7 
0.308535 0.0237953 4.74911 -16.9103 8 
0.338951 0.0308842 4.28656 -13.8162 9 
0.369367 0.0391545 3.90042 -11.5625 10 
0.399783 0.0486592 3.57257 -10.2101 11 
0.430199 0.0594384 3.28936 -8.94088 12 
0.460615 0.0715134 3.04026 -7.73833 13 
0.491031 0.0849037 2.82143 -6.7832 14 
0.521447 0.0996121 2.62636 -6.04062 15 
0.551863 0.115625 2.45051 -5.47395 16 
0.582279 0.132895 2.28843 -4.9735 17 
0.612695 0.151395 2.14244 -4.55737 18 
0.643111 0.171071 2.00863 -4.22195 19 
0.673526 0.191882 1.88717 -3.88541 20 
0.703942 0.213747 1.77398 -3.60311 21 
0.734358 0.236579 1.66834 -3.38008 22 
0.764774 0.260284 1.56973 -3.14328 23 
0.79519 0.284756 1.47721 -2.95638 24 
0.825606 0.309872 1.38949 -2.79701 25 
0.856022 0.335507 1.3066 -2.63324 26 
0.886438 0.361537 1.22835 -2.50132 27 
0.916854 0.38783 1.15403 -2.38843 28 
0.94727 0.414234 1.08273 -2.28834 29 
0.977686 0.440608 1.01466 -2.19213 30 
1.0081 0.466802 0.949354 -2.1073 31 
1.03852 0.492676 0.886803 -2.02402 32 
1.06893 0.51807 0.826207 -1.95674 33 
1.09935 0.542836 0.767628 -1.89654 34 
1.12977 0.566824 0.710821 -1.84319 35 
1.16018 0.589876 0.655306 -1.79031 36 
1.1906 0.611862 0.60159 -1.74199 37 
1.22101 0.632645 0.5491 -1.70754 38 
1.25143 0.6521 0.497888 -1.66773 39 
1.28185 0.670095 0.447504 -1.63756 40 
1.31226 0.68652 0.398057 -1.60964 41 
1.34268 0.701271 0.349472 -1.58376 42 
1.37309 0.714253 0.301545 -1.56747 43 
1.40351 0.72538 0.254117 -1.54939 44 
1.43392 0.734584 0.207275 -1.53158 45 
1.46434 0.741802 0.160728 -1.5213 46 
1.49476 0.74699 0.11457 -1.51503 47 
1.52517 0.750116 0.0686475 -1.50588 48 
1.55559 0.751155 0.0227542 -1.50578 49 
1.586 0.750102 -0.0230572 -1.50747 50 
1.61642 0.746966 -0.0688642 -1.50691 51 
1.64684 0.741765 -0.114862 -1.5113 52 
1.67725 0.734538 -0.160951 -1.52124 53 
1.70767 0.725332 -0.20733 -1.53378 54 
1.73808 0.714202 -0.254203 -1.54967 55 
1.7685 0.701216 -0.301641 -1.56616 56 
1.79892 0.68647 -0.349379 -1.58635 57 
1.82933 0.670048 -0.398048 -1.60852 58 
1.85975 0.65206 -0.447331 -1.63326 59 
1.89016 0.632616 -0.49765 -1.67534 60 
1.92058 0.61184 -0.54894 -1.71079 61 
1.951 0.58986 -0.601426 -1.74271 62 
1.98141 0.56681 -0.655253 -1.79025 63 
2.01183 0.54284 -0.71031 -1.8413 64 
2.04224 0.518088 -0.767191 -1.89689 65 
2.07266 0.492712 -0.825586 -1.96025 66 
2.10308 0.466854 -0.886165 -2.02762 67 
2.13349 0.440663 -0.949123 -2.10513 68 
2.16391 0.414293 -1.01438 -2.19403 69 
2.19432 0.387891 -1.08246 -2.28768 70 
2.22474 0.361596 -1.15396 -2.39348 71 
2.25515 0.33556 -1.22841 -2.51407 72 
2.28557 0.309918 -1.30679 -2.63647 73 
2.31599 0.284796 -1.38965 -2.78302 74 
2.3464 0.260326 -1.47682 -2.96196 75 
2.37682 0.236618 -1.56968 -3.15206 76 
2.40723 0.213779 -1.66862 -3.36387 77 
2.43765 0.191904 -1.77455 -3.60139 78 
2.46807 0.171083 -1.88788 -3.86811 79 
2.49848 0.151376 -2.0118 -4.20638 80 
2.5289 0.132861 -2.14475 -4.58527 81 
2.55931 0.115587 -2.28957 -5.00055 82 
2.58973 0.0995855 -2.44947 -5.48082 83 
2.62015 0.084885 -2.62559 -6.08209 84 
2.65056 0.0715035 -2.82009 -6.83001 85 
2.68098 0.0594302 -3.04023 -7.66415 86 
2.71139 0.0486559 -3.28824 -8.67794 87 
2.74181 0.0391628 -3.56797 -9.93469 88 
2.77223 0.0309068 -3.89186 -11.5404 89 
2.80264 0.023827 -4.2767 -13.6606 90 
2.83306 0.0178584 -4.73997 -16.5073 91 
2.86347 0.0129301 -5.30838 -20.0699 92 
2.89389 0.0089778 -5.9969 -25.0908 93 
2.92431 0.00591177 -6.86829 -32.5685 94 
2.95472 0.0036332 -8.00291 -43.307 95 
2.98514 0.00202537 -9.60613 -60.8027 96 
3.01555 0.000986741 -11.8211 -86.9571 97 
3.04597 0.000388758 -15.3119 -146.538 98 
3.07638 9.51862e-05 -23.1314 -364.202 99 
