0.065208 2.6389e-06 46.0143 -760.053 0 
0.0956239 1.39263e-05 27.3445 -330.968 1 
0.12604 4.83529e-05 20.4621 -170.025 2 
0.156456 0.000130077 16.2678 -105.806 3 
0.186872 0.0002953 13.4776 -73.7509 4 
0.217288 0.000593278 11.4688 -53.0823 5 
0.247704 0.00108864 9.97873 -42.1959 6 
0.278119 0.00186213 8.82415 -34.6496 7 
0.308535 0.00301221 7.90627 -27.3342 8 
0.338951 0.00464816 7.13108 -22.8875 9 
0.369367 0.00689658 6.48598 -19.4616 10 
0.399783 0.00990142 5.94511 -16.5092 11 
0.430199 0.0138121 5.47196 -14.4804 12 
0.460615 0.0187867 5.05656 -12.7466 13 
0.491031 0.02499 4.69044 -11.1672 14 
0.521447 0.0325871 4.36348 -10.0388 15 
0.551863 0.0417479 4.07244 -9.14122 16 
0.582279 0.0526278 3.80715 -8.28598 17 
0.612695 0.0653736 3.56512 -7.60807 18 
0.643111 0.0801209 3.34396 -6.98556 19 
0.673526 0.0969858 3.14026 -6.46531 20 
0.703942 0.116053 2.9505 -6.02917 21 
0.734358 0.137395 2.77505 -5.60543 22 
0.764774 0.161039 2.61023 -5.22974 23 
0.79519 0.186991 2.45621 -4.91453 24 
0.825606 0.215218 2.3111 -4.63203 25 
0.856022 0.245638 2.17333 -4.3985 26 
0.886438 0.278142 2.04288 -4.18584 27 
0.916854 0.31258 1.91892 -3.97539 28 
0.94727 0.348766 1.80069 -3.79469 29 
0.977686 0.386475 1.6877 -3.64882 30 
1.0081 0.425436 1.5789 -3.50015 31 
1.03852 0.465359 1.47446 -3.37245 32 
1.06893 0.505917 1.37371 -3.26545 33 
1.09935 0.546755 1.2761 -3.15815 34 
1.12977 0.587498 1.18146 -3.06655 35 
1.16018 0.627757 1.08958 -2.97423 36 
1.1906 0.66713 0.999997 -2.89745 37 
1.22101 0.705225 0.912872 -2.83801 38 
1.25143 0.741627 0.827362 -2.785 39 
1.28185 0.775957 0.743859 -2.72832 40 
1.31226 0.807828 0.661694 -2.67362 41 
1.34268 0.836873 0.580682 -2.63717 42 
1.37309 0.862776 0.501097 -2.61006 43 
1.40351 0.885233 0.422404 -2.57317 44 
1.43392 0.903968 0.344275 -2.54722 45 
1.46434 0.918778 0.267148 -2.533 46 
1.49476 0.929481 0.190382 -2.51409 47 
1.52517 0.93595 0.114021 -2.50839 48 
1.55559 0.938105 0.037808 -2.50579 49 
1.586 0.935914 -0.0384466 -2.49979 50 
1.61642 0.929415 -0.114542 -2.50817 51 
1.64684 0.918675 -0.191082 -2.5208 52 
1.67725 0.903837 -0.267678 -2.53553 53 
1.70767 0.885065 -0.345 -2.55226 54 
1.73808 0.862584 -0.422949 -2.56687 55 
1.7685 0.836656 -0.5017 -2.59638 56 
1.79892 0.807581 -0.581437 -2.64178 57 
1.82933 0.775698 -0.662163 -2.6861 58 
1.85975 0.741331 -0.744926 -2.72323 59 
1.89016 0.704904 -0.828278 -2.77457 60 
1.92058 0.666797 -0.913612 -2.84253 61 
1.951 0.627403 -1.00106 -2.90397 62 
1.98141 0.587128 -1.09064 -2.9746 63 
2.01183 0.546388 -1.18219 -3.06465 64 
2.04224 0.505562 -1.27659 -3.14896 65 
2.07266 0.465025 -1.37394 -3.2493 66 
2.10308 0.425118 -1.47495 -3.38336 67 
2.13349 0.386163 -1.5799 -3.51023 68 
2.16391 0.348464 -1.68868 -3.64613 69 
2.19432 0.31229 -1.80173 -3.79539 70 
2.22474 0.277867 -1.91984 -3.96807 71 
2.25515 0.245383 -2.04374 -4.1835 72 
2.28557 0.214988 -2.17383 -4.40685 73 
2.31599 0.186791 -2.31116 -4.63494 74 
2.3464 0.160862 -2.45664 -4.91403 75 
2.37682 0.137239 -2.61082 -5.23324 76 
2.40723 0.115918 -2.7756 -5.59772 77 
2.43765 0.0968699 -2.95096 -5.99698 78 
2.46807 0.0800266 -3.13998 -6.43363 79 
2.49848 0.0652975 -3.34373 -6.96874 80 
2.5289 0.0525695 -3.56419 -7.61048 81 
2.55931 0.0417025 -3.8068 -8.33151 82 
2.58973 0.032552 -4.07228 -9.10565 83 
2.62015 0.0249584 -4.36657 -10.0799 84 
2.65056 0.0187622 -4.69103 -11.2819 85 
2.68098 0.0137943 -5.05643 -12.7328 86 
2.71139 0.00988813 -5.47279 -14.5273 87 
2.74181 0.00688758 -5.94451 -16.7571 88 
2.77223 0.00463987 -6.49385 -19.4527 89 
2.80264 0.00300779 -7.12586 -22.8366 90 
2.83306 0.00186078 -7.89405 -27.493 91 
2.86347 0.0010883 -8.8175 -33.186 92 
2.89389 0.000593482 -9.96782 -41.992 93 
2.92431 0.000295463 -11.4654 -54.903 94 
2.95472 0.000130506 -13.4325 -72.5257 95 
2.98514 4.88773e-05 -16.1447 -103.648 96 
3.01555 1.43224e-05 -20.1783 -159.972 97 
3.04597 2.72411e-06 -27.2832 -301.001 98 
3.07638 2.00821e-07 -42.8638 -775.633 99 
