0.065208 3.08927e-05 36.9183 -659.53 0 
0.0956239 0.000116715 21.8506 -235.525 1 
0.12604 0.000314682 16.3045 -122.819 2 
0.156456 0.000693408 12.9875 -84.4255 3 
0.186872 0.0013371 10.7943 -59.5625 4 
0.217288 0.00234117 9.20812 -43.2925 5 
0.247704 0.00381031 8.00667 -33.6835 6 
0.278119 0.00586206 7.08166 -26.9436 7 
0.308535 0.00861104 6.32142 -22.4421 8 
0.338951 0.0121873 5.70997 -18.2914 9 
0.369367 0.0167048 5.18318 -15.2839 10 
0.399783 0.0222953 4.74557 -13.304 11 
0.430199 0.0290842 4.36969 -11.6171 12 
0.460615 0.0371901 4.04146 -10.2901 13 
0.491031 0.0467226 3.75108 -9.06421 14 
0.521447 0.0577764 3.49081 -8.12538 15 
0.551863 0.0704313 3.2558 -7.34609 16 
0.582279 0.084757 3.04364 -6.62237 17 
0.612695 0.100804 2.85028 -6.10685 18 
0.643111 0.118609 2.67388 -5.58091 19 
0.673526 0.138186 2.5113 -5.14054 20 
0.703942 0.159517 2.35979 -4.78829 21 
0.734358 0.182582 2.22003 -4.47938 22 
0.764774 0.207322 2.08895 -4.17839 23 
0.79519 0.233656 1.96567 -3.93769 24 
0.825606 0.261482 1.84964 -3.72402 25 
0.856022 0.290662 1.73912 -3.5031 26 
0.886438 0.321057 1.635 -3.33912 27 
0.916854 0.352492 1.53551 -3.18898 28 
0.94727 0.384784 1.4409 -3.04151 29 
0.977686 0.417729 1.35048 -2.91095 30 
1.0081 0.45111 1.26379 -2.79788 31 
1.03852 0.484687 1.18015 -2.70091 32 
1.06893 0.518212 1.09945 -2.61167 33 
1.09935 0.551423 1.02115 -2.52745 34 
1.12977 0.58407 0.945506 -2.45367 35 
1.16018 0.615893 0.872125 -2.38521 36 
1.1906 0.646622 0.800382 -2.32263 37 
1.22101 0.676014 0.730729 -2.26697 38 
1.25143 0.703805 0.66228 -2.22466 39 
1.28185 0.72976 0.595321 -2.18856 40 
1.31226 0.753647 0.529472 -2.14571 41 
1.34268 0.775256 0.464703 -2.11163 42 
1.37309 0.794401 0.40102 -2.08473 43 
1.40351 0.810897 0.337864 -2.06313 44 
1.43392 0.824608 0.275641 -2.03721 45 
1.46434 0.835406 0.213867 -2.01971 46 
1.49476 0.843196 0.152576 -2.01019 47 
1.52517 0.847899 0.0914254 -2.01048 48 
1.55559 0.849465 0.0303444 -2.00172 49 
1.586 0.847883 -0.0306495 -1.99855 50 
1.61642 0.843172 -0.0915977 -2.00932 51 
1.64684 0.835372 -0.15278 -2.01965 52 
1.67725 0.824555 -0.214254 -2.02927 53 
1.70767 0.810823 -0.276069 -2.03489 54 
1.73808 0.794297 -0.338501 -2.05375 55 
1.7685 0.77513 -0.401564 -2.08327 56 
1.79892 0.753498 -0.465278 -2.11343 57 
1.82933 0.729592 -0.530007 -2.1485 58 
1.85975 0.703623 -0.595775 -2.18476 59 
1.89016 0.675826 -0.662614 -2.21457 60 
1.92058 0.646437 -0.730845 -2.26553 61 
1.951 0.615693 -0.801017 -2.32838 62 
1.98141 0.583871 -0.872376 -2.38522 63 
2.01183 0.551223 -0.94592 -2.45319 64 
2.04224 0.51801 -1.02157 -2.5221 65 
2.07266 0.4845 -1.09938 -2.60889 66 
2.10308 0.450937 -1.18015 -2.69766 67 
2.13349 0.417568 -1.26382 -2.79797 68 
2.16391 0.384624 -1.35093 -2.91847 69 
2.19432 0.352333 -1.44152 -3.03062 70 
2.22474 0.320901 -1.53609 -3.17186 71 
2.25515 0.290519 -1.63509 -3.33505 72 
2.28557 0.26136 -1.73871 -3.52287 73 
2.31599 0.233558 -1.84883 -3.71828 74 
2.3464 0.207247 -1.96476 -3.92469 75 
2.37682 0.182522 -2.08837 -4.19187 76 
2.40723 0.159468 -2.2197 -4.48145 77 
2.43765 0.13814 -2.36016 -4.79849 78 
2.46807 0.118571 -2.51123 -5.14045 79 
2.49848 0.100765 -2.67481 -5.55057 80 
2.5289 0.0847161 -2.85193 -6.09186 81 
2.55931 0.0703908 -3.04517 -6.66979 82 
2.58973 0.0577333 -3.25862 -7.2998 83 
2.62015 0.0466841 -3.4921 -8.10932 84 
2.65056 0.0371554 -3.75289 -9.08765 85 
2.68098 0.0290514 -4.04465 -10.2612 86 
2.71139 0.0222623 -4.3755 -11.6575 87 
2.74181 0.0166719 -4.7536 -13.3624 88 
2.77223 0.0121597 -5.18801 -15.5594 89 
2.80264 0.00859276 -5.70767 -18.3166 90 
2.83306 0.00585487 -6.30668 -22.2219 91 
2.86347 0.003815 -7.04127 -27.0045 92 
2.89389 0.00235154 -7.95423 -34.1593 93 
2.92431 0.00134804 -9.14677 -44.1516 94 
2.95472 0.000704189 -10.6747 -60.0444 95 
2.98514 0.000323117 -12.8063 -85.3306 96 
3.01555 0.000122195 -15.985 -119.537 97 
3.04597 3.37306e-05 -21.1602 -206.35 98 
3.07638 4.65361e-06 -32.5613 -550.093 99 
