0.065208 0.495754 -0.00256643 -0.0669072 0 
0.0956239 0.495626 -0.00425666 -0.0432806 1 
0.12604 0.495457 -0.00560609 -0.0437678 2 
0.156456 0.495247 -0.00697283 -0.0450933 3 
0.186872 0.494994 -0.0083868 -0.0455028 4 
0.217288 0.494698 -0.00981975 -0.0463398 5 
0.247704 0.49436 -0.0112603 -0.0476766 6 
0.278119 0.493976 -0.0127636 -0.0490496 7 
0.308535 0.493547 -0.0142846 -0.0499766 8 
0.338951 0.493072 -0.0158439 -0.0510743 9 
0.369367 0.492548 -0.0174649 -0.0525292 10 
0.399783 0.491975 -0.019125 -0.0544866 11 
0.430199 0.491352 -0.0208287 -0.0563261 12 
0.460615 0.490677 -0.0226083 -0.057865 13 
0.491031 0.489948 -0.0244278 -0.0603342 14 
0.521447 0.489164 -0.0263309 -0.0629898 15 
0.551863 0.488322 -0.0283205 -0.0658255 16 
0.582279 0.48742 -0.0304058 -0.0684664 17 
0.612695 0.486455 -0.0325674 -0.0713603 18 
0.643111 0.485426 -0.0348104 -0.0748831 19 
0.673526 0.48433 -0.0371663 -0.0782895 20 
0.703942 0.483163 -0.0396653 -0.0822624 21 
0.734358 0.481922 -0.0422821 -0.0864626 22 
0.764774 0.480603 -0.0450411 -0.0908615 23 
0.79519 0.479204 -0.0479194 -0.0967089 24 
0.825606 0.47772 -0.0509796 -0.101811 25 
0.856022 0.476149 -0.0541536 -0.106387 26 
0.886438 0.474485 -0.057544 -0.112219 27 
0.916854 0.472725 -0.0610955 -0.118047 28 
0.94727 0.470864 -0.0648498 -0.125726 29 
0.977686 0.468896 -0.0688375 -0.133626 30 
1.0081 0.466816 -0.0731027 -0.139609 31 
1.03852 0.464617 -0.0776115 -0.149497 32 
1.06893 0.462297 -0.0822916 -0.158608 33 
1.09935 0.459849 -0.0872841 -0.166182 34 
1.12977 0.457266 -0.092591 -0.177164 35 
1.16018 0.454542 -0.0982083 -0.188667 36 
1.1906 0.45167 -0.104195 -0.199882 37 
1.22101 0.448643 -0.110546 -0.210789 38 
1.25143 0.445456 -0.117213 -0.223517 39 
1.28185 0.442099 -0.124324 -0.239034 40 
1.31226 0.438566 -0.131892 -0.255356 41 
1.34268 0.434851 -0.139872 -0.268285 42 
1.37309 0.430943 -0.1484 -0.28296 43 
1.40351 0.426838 -0.157324 -0.300376 44 
1.43392 0.422525 -0.166943 -0.320408 45 
1.46434 0.418 -0.176995 -0.340122 46 
1.49476 0.413253 -0.187777 -0.357892 47 
1.52517 0.40828 -0.198997 -0.380395 48 
1.55559 0.403074 -0.210972 -0.403901 49 
1.586 0.39763 -0.223561 -0.425185 50 
1.61642 0.391939 -0.23698 -0.450524 51 
1.64684 0.385995 -0.251205 -0.480013 52 
1.67725 0.379795 -0.266193 -0.504882 53 
1.70767 0.373334 -0.282063 -0.529431 54 
1.73808 0.36661 -0.298749 -0.564686 55 
1.7685 0.359616 -0.316644 -0.603345 56 
1.79892 0.352351 -0.335485 -0.638309 57 
1.82933 0.344813 -0.355514 -0.672196 58 
1.85975 0.337 -0.376744 -0.71258 59 
1.89016 0.328918 -0.399052 -0.759307 60 
1.92058 0.320568 -0.422741 -0.795548 61 
1.951 0.311954 -0.447739 -0.841207 62 
1.98141 0.303089 -0.473906 -0.902928 63 
2.01183 0.29397 -0.502213 -0.95393 64 
2.04224 0.284608 -0.532045 -0.997839 65 
2.07266 0.275022 -0.5632 -1.06086 66 
2.10308 0.265215 -0.596875 -1.12729 67 
2.13349 0.255208 -0.632269 -1.19646 68 
2.16391 0.245023 -0.669549 -1.27748 69 
2.19432 0.23467 -0.709627 -1.35365 70 
2.22474 0.224177 -0.752015 -1.44216 71 
2.25515 0.213561 -0.797527 -1.5462 72 
2.28557 0.202846 -0.846124 -1.6492 73 
2.31599 0.192062 -0.898055 -1.76071 74 
2.3464 0.181242 -0.953175 -1.89608 75 
2.37682 0.170409 -1.01318 -2.04266 76 
2.40723 0.159594 -1.07783 -2.18279 77 
2.43765 0.148835 -1.14738 -2.36749 78 
2.46807 0.138171 -1.22214 -2.5708 79 
2.49848 0.127644 -1.30279 -2.78196 80 
2.5289 0.117283 -1.39163 -3.06769 81 
2.55931 0.107125 -1.4892 -3.36772 82 
2.58973 0.0972124 -1.59617 -3.65924 83 
2.62015 0.0875889 -1.71364 -4.09636 84 
2.65056 0.0782819 -1.8467 -4.59568 85 
2.68098 0.0693312 -1.99602 -5.16881 86 
2.71139 0.0607762 -2.16492 -5.86266 87 
2.74181 0.0526662 -2.35442 -6.73807 88 
2.77223 0.0450303 -2.57495 -7.79286 89 
2.80264 0.037904 -2.83207 -9.19415 90 
2.83306 0.03132 -3.13649 -11.0314 91 
2.86347 0.0253161 -3.49842 -13.1632 92 
2.89389 0.0199142 -3.94541 -16.3564 93 
2.92431 0.0151317 -4.51482 -21.097 94 
2.95472 0.0110029 -5.23797 -27.8031 95 
2.98514 0.00754608 -6.19948 -37.8618 96 
3.01555 0.00475887 -7.57857 -54.0565 97 
3.04597 0.00264152 -9.67674 -87.7551 98 
3.07638 0.00114786 -13.7009 -180.828 99 
