0.065208 0.663528 -0.0135257 -0.40658 0 
0.0956239 0.662582 -0.023457 -0.25661 1 
0.12604 0.661326 -0.0312045 -0.249456 2 
0.156456 0.659761 -0.0389285 -0.254983 3 
0.186872 0.657892 -0.0466516 -0.253426 4 
0.217288 0.655718 -0.0544045 -0.253188 5 
0.247704 0.653244 -0.0621381 -0.254932 6 
0.278119 0.650471 -0.0699291 -0.255845 7 
0.308535 0.647404 -0.0776895 -0.256792 8 
0.338951 0.644045 -0.085525 -0.258693 9 
0.369367 0.640394 -0.0934473 -0.260111 10 
0.399783 0.636458 -0.101343 -0.261702 11 
0.430199 0.632239 -0.109334 -0.26266 12 
0.460615 0.627743 -0.117332 -0.2644 13 
0.491031 0.622972 -0.125399 -0.266727 14 
0.521447 0.617933 -0.133525 -0.267994 15 
0.551863 0.612628 -0.141737 -0.27124 16 
0.582279 0.607063 -0.150012 -0.273748 17 
0.612695 0.601243 -0.158349 -0.275763 18 
0.643111 0.595174 -0.166785 -0.278003 19 
0.673526 0.588861 -0.175301 -0.280964 20 
0.703942 0.58231 -0.183882 -0.284572 21 
0.734358 0.575528 -0.192583 -0.287243 22 
0.764774 0.56852 -0.201413 -0.291056 23 
0.79519 0.561292 -0.210334 -0.294912 24 
0.825606 0.553853 -0.219325 -0.298431 25 
0.856022 0.546208 -0.228504 -0.303748 26 
0.886438 0.538364 -0.237758 -0.306922 27 
0.916854 0.530331 -0.247154 -0.310509 28 
0.94727 0.522113 -0.256709 -0.316976 29 
0.977686 0.513721 -0.266391 -0.321036 30 
1.0081 0.505159 -0.27627 -0.325984 31 
1.03852 0.496438 -0.286278 -0.332444 32 
1.06893 0.487565 -0.296491 -0.3387 33 
1.09935 0.478547 -0.306888 -0.34496 34 
1.12977 0.469394 -0.317468 -0.351546 35 
1.16018 0.460113 -0.32828 -0.357617 36 
1.1906 0.450714 -0.339287 -0.363871 37 
1.22101 0.441205 -0.350518 -0.373226 38 
1.25143 0.431597 -0.361951 -0.381962 39 
1.28185 0.421896 -0.373693 -0.391046 40 
1.31226 0.412112 -0.385722 -0.401519 41 
1.34268 0.402254 -0.398009 -0.409356 42 
1.37309 0.392331 -0.410597 -0.419166 43 
1.40351 0.382353 -0.423497 -0.429358 44 
1.43392 0.372327 -0.436785 -0.43953 45 
1.46434 0.362265 -0.450366 -0.454047 46 
1.49476 0.352176 -0.464342 -0.46688 47 
1.52517 0.342067 -0.47877 -0.479572 48 
1.55559 0.331949 -0.493566 -0.493778 49 
1.586 0.321831 -0.508837 -0.510309 50 
1.61642 0.311724 -0.524553 -0.526225 51 
1.64684 0.301635 -0.540857 -0.541943 52 
1.67725 0.291575 -0.557619 -0.561201 53 
1.70767 0.281552 -0.574991 -0.579703 54 
1.73808 0.271578 -0.592946 -0.602103 55 
1.7685 0.261659 -0.611644 -0.625266 56 
1.79892 0.251805 -0.631046 -0.650408 57 
1.82933 0.242025 -0.651144 -0.677921 58 
1.85975 0.23233 -0.672111 -0.700933 59 
1.89016 0.222726 -0.693933 -0.728947 60 
1.92058 0.213225 -0.716671 -0.764104 61 
1.951 0.203834 -0.740436 -0.799353 62 
1.98141 0.194562 -0.765287 -0.835532 63 
2.01183 0.185419 -0.791282 -0.876971 64 
2.04224 0.176412 -0.81855 -0.92182 65 
2.07266 0.16755 -0.847243 -0.966179 66 
2.10308 0.158842 -0.877402 -1.01735 67 
2.13349 0.150295 -0.9092 -1.07819 68 
2.16391 0.141916 -0.942961 -1.14146 69 
2.19432 0.133715 -0.97855 -1.20655 70 
2.22474 0.125698 -1.01634 -1.28336 71 
2.25515 0.117873 -1.05672 -1.36316 72 
2.28557 0.110244 -1.09989 -1.46041 73 
2.31599 0.102821 -1.14587 -1.57348 74 
2.3464 0.0956125 -1.19488 -1.68794 75 
2.37682 0.0886257 -1.24741 -1.80694 76 
2.40723 0.0818657 -1.30426 -1.95647 77 
2.43765 0.0753369 -1.36622 -2.11324 78 
2.46807 0.0690458 -1.43346 -2.30563 79 
2.49848 0.0629958 -1.50747 -2.50143 80 
2.5289 0.0572008 -1.58635 -2.73435 81 
2.55931 0.051661 -1.67452 -3.04531 82 
2.58973 0.0463808 -1.77241 -3.36303 83 
2.62015 0.041364 -1.8818 -3.7731 84 
2.65056 0.0366176 -2.00359 -4.24875 85 
2.68098 0.0321485 -2.13973 -4.78397 86 
2.71139 0.0279554 -2.29741 -5.49261 87 
2.74181 0.0240486 -2.47459 -6.31858 88 
2.77223 0.0204311 -2.67978 -7.34176 89 
2.80264 0.0171021 -2.92373 -8.86142 90 
2.83306 0.0140592 -3.22079 -10.6679 91 
2.86347 0.0113094 -3.57778 -12.8991 92 
2.89389 0.00886112 -4.01042 -16.3244 93 
2.92431 0.00671144 -4.56767 -21.0036 94 
2.95472 0.00486493 -5.28935 -26.9507 95 
2.98514 0.0033281 -6.24099 -37.4061 96 
3.01555 0.00209265 -7.62707 -51.5526 97 
3.04597 0.00115851 -9.72013 -78.4829 98 
3.07638 0.000505977 -13.6179 -189.47 99 
