0.0530416 0.0204838 18.8222 -356.024 0 
0.0591248 0.0243488 16.8789 -286.646 1 
0.065208 0.0286082 15.2975 -235.763 2 
0.0712911 0.0335461 13.9854 -197.34 3 
0.0773743 0.0396021 12.879 -167.619 4 
0.0834575 0.0464286 11.9334 -144.156 5 
0.0895407 0.0528465 11.1158 -125.311 6 
0.0956239 0.0597842 10.4018 -109.947 7 
0.101707 0.0673091 9.77278 -97.256 8 
0.10779 0.0759464 9.21434 -86.6527 9 
0.113873 0.0846797 8.71519 -77.7029 10 
0.119957 0.0931956 8.2663 -70.0799 11 
0.12604 0.100737 7.86039 -63.5338 12 
0.132123 0.10892 7.49153 -57.8709 13 
0.138206 0.117164 7.15483 -52.9392 14 
0.144289 0.125573 6.84622 -48.6181 15 
0.150373 0.134143 6.56229 -44.8108 16 
0.156456 0.142341 6.30015 -41.4389 17 
0.162539 0.150469 6.05737 -38.4384 18 
0.168622 0.15847 5.83185 -35.7569 19 
0.174705 0.165892 5.62178 -33.3506 20 
0.180788 0.173617 5.42561 -31.1831 21 
0.186872 0.181292 5.24198 -29.2239 22 
0.192955 0.1891 5.06969 -27.4471 23 
0.199038 0.196213 4.90772 -25.8307 24 
0.205121 0.20313 4.75514 -24.356 25 
0.211204 0.209951 4.61114 -23.007 26 
0.217288 0.216469 4.475 -21.7697 27 
0.223371 0.222581 4.34608 -20.6321 28 
0.229454 0.228668 4.2238 -19.5839 29 
0.235537 0.234541 4.10765 -18.6158 30 
0.24162 0.240188 3.99717 -17.72 31 
0.247704 0.245482 3.89193 -16.8894 32 
0.253787 0.251002 3.79157 -16.1178 33 
0.25987 0.256237 3.69573 -15.3999 34 
0.265953 0.261266 3.60411 -14.7306 35 
0.272036 0.265902 3.51642 -14.1058 36 
0.278119 0.270373 3.43241 -13.5216 37 
0.284203 0.274623 3.35184 -12.9746 38 
0.290286 0.278752 3.27449 -12.4616 39 
0.296369 0.28271 3.20016 -11.9799 40 
0.302452 0.28644 3.12868 -11.527 41 
0.308535 0.290011 3.05986 -11.1007 42 
0.314619 0.29348 2.99357 -10.6989 43 
0.320702 0.296769 2.92965 -10.3198 44 
0.326785 0.299886 2.86797 -9.96168 45 
0.332868 0.302843 2.80841 -9.62308 46 
0.338951 0.305713 2.75086 -9.30259 47 
0.345034 0.308437 2.6952 -8.99893 48 
0.351118 0.311003 2.64134 -8.71096 49 
0.357201 0.313494 2.58919 -8.43762 50 
0.363284 0.315861 2.53866 -8.17793 51 
0.369367 0.318125 2.48967 -7.93101 52 
0.37545 0.320255 2.44214 -7.69603 53 
0.381534 0.322298 2.39601 -7.47224 54 
0.387617 0.324241 2.35121 -7.25894 55 
0.3937 0.326095 2.30768 -7.0555 56 
0.399783 0.327867 2.26535 -6.86131 57 
0.405866 0.329549 2.22418 -6.67583 58 
0.41195 0.331172 2.18412 -6.49854 59 
0.418033 0.332717 2.14511 -6.32898 60 
0.424116 0.334181 2.1071 -6.1667 61 
0.430199 0.335591 2.07006 -6.0113 62 
0.436282 0.336924 2.03395 -5.8624 63 
0.442365 0.338207 1.99873 -5.71963 64 
0.448449 0.339443 1.96435 -5.58268 65 
0.454532 0.340628 1.9308 -5.45123 66 
0.460615 0.341752 1.89802 -5.325 67 
0.466698 0.342829 1.866 -5.20371 68 
0.472781 0.343871 1.8347 -5.08712 69 
0.478865 0.34485 1.8041 -4.97498 70 
0.484948 0.345793 1.77417 -4.86708 71 
0.491031 0.346718 1.74488 -4.7632 72 
0.497114 0.347594 1.71621 -4.66316 73 
0.503197 0.348431 1.68814 -4.56676 74 
0.50928 0.349241 1.66064 -4.47385 75 
0.515364 0.350017 1.6337 -4.38424 76 
0.521447 0.350766 1.60729 -4.2978 77 
0.52753 0.35149 1.5814 -4.21437 78 
0.533613 0.352182 1.55601 -4.13382 79 
0.539696 0.352844 1.5311 -4.05603 80 
0.54578 0.353483 1.50666 -3.98086 81 
0.551863 0.354105 1.48267 -3.90821 82 
0.557946 0.354701 1.45911 -3.83797 83 
0.564029 0.35527 1.43597 -3.77003 84 
0.570112 0.355816 1.41323 -3.7043 85 
0.576196 0.356349 1.3909 -3.64068 86 
0.582279 0.356865 1.36894 -3.57909 87 
0.588362 0.357358 1.34735 -3.51945 88 
0.594445 0.357839 1.32611 -3.46167 89 
0.600528 0.358304 1.30523 -3.40568 90 
0.606611 0.358749 1.28468 -3.35142 91 
0.612695 0.359182 1.26445 -3.29881 92 
0.618778 0.359605 1.24454 -3.24779 93 
0.624861 0.360011 1.22493 -3.19829 94 
0.630944 0.360404 1.20562 -3.15027 95 
0.637027 0.360787 1.1866 -3.10366 96 
0.643111 0.36116 1.16786 -3.05841 97 
0.649194 0.361523 1.14939 -3.01448 98 
0.655277 0.361872 1.13118 -2.97181 99 
0.66136 0.362213 1.11323 -2.93036 100 
0.667443 0.362541 1.09553 -2.89009 101 
0.673526 0.362862 1.07807 -2.85094 102 
0.67961 0.363171 1.06084 -2.8129 103 
0.685693 0.363471 1.04384 -2.7759 104 
0.691776 0.363767 1.02707 -2.73993 105 
0.697859 0.364049 1.01051 -2.70494 106 
0.703942 0.364324 0.994155 -2.6709 107 
0.710026 0.364593 0.978008 -2.63778 108 
0.716109 0.364856 0.962061 -2.60555 109 
0.722192 0.36511 0.946306 -2.57418 110 
0.728275 0.365358 0.93074 -2.54365 111 
0.734358 0.365598 0.915358 -2.51391 112 
0.740442 0.365833 0.900154 -2.48496 113 
0.746525 0.366061 0.885123 -2.45676 114 
0.752608 0.366285 0.870262 -2.42929 115 
0.758691 0.366503 0.855566 -2.40253 116 
0.764774 0.366714 0.841031 -2.37646 117 
0.770857 0.36692 0.826652 -2.35105 118 
0.776941 0.36712 0.812426 -2.32629 119 
0.783024 0.367315 0.798348 -2.30215 120 
0.789107 0.367507 0.784416 -2.27862 121 
0.79519 0.367693 0.770625 -2.25568 122 
0.801273 0.367875 0.756971 -2.23331 123 
0.807357 0.368054 0.743452 -2.2115 124 
0.81344 0.368227 0.730064 -2.19023 125 
0.819523 0.368397 0.716804 -2.16948 126 
0.825606 0.368563 0.703668 -2.14924 127 
0.831689 0.368722 0.690655 -2.1295 128 
0.837772 0.36888 0.677759 -2.11024 129 
0.843856 0.369033 0.66498 -2.09145 130 
0.849939 0.369183 0.652313 -2.07311 131 
0.856022 0.369329 0.639756 -2.05522 132 
0.862105 0.369473 0.627307 -2.03776 133 
0.868188 0.369612 0.614963 -2.02072 134 
0.874272 0.369748 0.602722 -2.0041 135 
0.880355 0.369881 0.59058 -1.98787 136 
0.886438 0.370012 0.578536 -1.97202 137 
0.892521 0.370139 0.566587 -1.95656 138 
0.898604 0.370263 0.554731 -1.94147 139 
0.904688 0.370385 0.542966 -1.92674 140 
0.910771 0.370504 0.531289 -1.91236 141 
0.916854 0.370621 0.519698 -1.89832 142 
0.922937 0.370735 0.508192 -1.88462 143 
0.92902 0.370846 0.496769 -1.87124 144 
0.935103 0.370955 0.485426 -1.85818 145 
0.941187 0.371062 0.474161 -1.84543 146 
0.94727 0.371166 0.462973 -1.83299 147 
0.953353 0.371269 0.451859 -1.82085 148 
0.959436 0.371368 0.440819 -1.80899 149 
0.965519 0.371465 0.42985 -1.79742 150 
0.971603 0.371561 0.41895 -1.78612 151 
0.977686 0.371655 0.408119 -1.7751 152 
0.983769 0.371746 0.397353 -1.76434 153 
0.989852 0.371836 0.386653 -1.75384 154 
0.995935 0.371923 0.376015 -1.7436 155 
1.00202 0.372009 0.365439 -1.73361 156 
1.0081 0.372093 0.354923 -1.72385 157 
1.01418 0.372175 0.344465 -1.71434 158 
1.02027 0.372255 0.334065 -1.70506 159 
1.02635 0.372334 0.32372 -1.69601 160 
1.03243 0.372411 0.31343 -1.68718 161 
1.03852 0.372486 0.303193 -1.67858 162 
1.0446 0.37256 0.293008 -1.67018 163 
1.05068 0.372632 0.282873 -1.662 164 
1.05677 0.372703 0.272787 -1.65403 165 
1.06285 0.372772 0.262749 -1.64626 166 
1.06893 0.37284 0.252757 -1.63869 167 
1.07502 0.372906 0.242811 -1.63132 168 
1.0811 0.372972 0.23291 -1.62414 169 
1.08718 0.373036 0.223051 -1.61715 170 
1.09327 0.373098 0.213234 -1.61034 171 
1.09935 0.37316 0.203459 -1.60372 172 
1.10543 0.37322 0.193723 -1.59728 173 
1.11152 0.373279 0.184025 -1.59101 174 
1.1176 0.373337 0.174365 -1.58492 175 
1.12368 0.373393 0.164742 -1.57899 176 
1.12977 0.373448 0.155154 -1.57324 177 
1.13585 0.373502 0.145601 -1.56765 178 
1.14193 0.373554 0.136081 -1.56222 179 
1.14801 0.373606 0.126594 -1.55696 180 
1.1541 0.373656 0.117139 -1.55185 181 
1.16018 0.373705 0.107714 -1.54689 182 
1.16626 0.373753 0.0983182 -1.54209 183 
1.17235 0.373799 0.0889516 -1.53745 184 
1.17843 0.373845 0.0796128 -1.53295 185 
1.18451 0.37389 0.0703009 -1.52859 186 
1.1906 0.373934 0.0610151 -1.52438 187 
1.19668 0.373977 0.0517544 -1.52032 188 
1.20276 0.374019 0.042518 -1.5164 189 
1.20885 0.37406 0.0333051 -1.51261 190 
1.21493 0.3741 0.0241147 -1.50896 191 
1.22101 0.374139 0.0149462 -1.50545 192 
1.2271 0.374177 0.00579858 -1.50208 193 
1.23318 0.374214 -0.00332889 -1.49883 194 
1.23926 0.374251 -0.012437 -1.49572 195 
1.24535 0.374287 -0.0215266 -1.49274 196 
1.25143 0.374321 -0.0305985 -1.48988 197 
1.25751 0.374355 -0.0396533 -1.48715 198 
1.2636 0.374388 -0.048692 -1.48455 199 
1.26968 0.37442 -0.0577152 -1.48208 200 
1.27576 0.374451 -0.0667237 -1.47972 201 
1.28185 0.374482 -0.0757183 -1.47749 202 
1.28793 0.374512 -0.0846997 -1.47538 203 
1.29401 0.374541 -0.0936686 -1.47339 204 
1.30009 0.374569 -0.102626 -1.47152 205 
1.30618 0.374597 -0.111572 -1.46977 206 
1.31226 0.374624 -0.120508 -1.46813 207 
1.31834 0.374649 -0.129434 -1.46661 208 
1.32443 0.374675 -0.138351 -1.46521 209 
1.33051 0.374699 -0.14726 -1.46392 210 
1.33659 0.374723 -0.156162 -1.46274 211 
1.34268 0.374746 -0.165057 -1.46168 212 
1.34876 0.374768 -0.173946 -1.46073 213 
1.35484 0.37479 -0.182829 -1.45989 214 
1.36093 0.374811 -0.191707 -1.45917 215 
1.36701 0.374831 -0.200582 -1.45855 216 
1.37309 0.374851 -0.209453 -1.45804 217 
1.37918 0.37487 -0.218321 -1.45765 218 
1.38526 0.374888 -0.227187 -1.45736 219 
1.39134 0.374906 -0.236052 -1.45718 220 
1.39743 0.374923 -0.244916 -1.45711 221 
1.40351 0.374939 -0.25378 -1.45715 222 
1.40959 0.374955 -0.262645 -1.45729 223 
1.41568 0.37497 -0.27151 -1.45754 224 
1.42176 0.374984 -0.280378 -1.4579 225 
1.42784 0.374998 -0.289248 -1.45837 226 
1.43392 0.375012 -0.298121 -1.45894 227 
1.44001 0.375024 -0.306998 -1.45962 228 
1.44609 0.375036 -0.31588 -1.4604 229 
1.45217 0.375048 -0.324766 -1.46129 230 
1.45826 0.375058 -0.333658 -1.46229 231 
1.46434 0.375069 -0.342557 -1.46339 232 
1.47042 0.375078 -0.351463 -1.4646 233 
1.47651 0.375087 -0.360376 -1.46592 234 
1.48259 0.375096 -0.369298 -1.46734 235 
1.48867 0.375103 -0.378229 -1.46887 236 
1.49476 0.375111 -0.387169 -1.4705 237 
1.50084 0.375117 -0.39612 -1.47224 238 
1.50692 0.375123 -0.405081 -1.47409 239 
1.51301 0.375129 -0.414054 -1.47605 240 
1.51909 0.375134 -0.423039 -1.47811 241 
1.52517 0.375138 -0.432037 -1.48028 242 
1.53126 0.375142 -0.441049 -1.48255 243 
1.53734 0.375145 -0.450075 -1.48494 244 
1.54342 0.375147 -0.459116 -1.48743 245 
1.54951 0.37515 -0.468172 -1.49003 246 
1.55559 0.375151 -0.477244 -1.49274 247 
1.56167 0.375152 -0.486333 -1.49556 248 
1.56775 0.375152 -0.49544 -1.49849 249 
1.57384 0.375152 -0.504565 -1.50153 250 
1.57992 0.375151 -0.513708 -1.50469 251 
1.586 0.37515 -0.522872 -1.50795 252 
1.59209 0.375148 -0.532055 -1.51133 253 
1.59817 0.375145 -0.541259 -1.51482 254 
1.60425 0.375142 -0.550485 -1.51842 255 
1.61034 0.375138 -0.559733 -1.52214 256 
1.61642 0.375134 -0.569004 -1.52598 257 
1.6225 0.375129 -0.578299 -1.52993 258 
1.62859 0.375123 -0.587618 -1.534 259 
1.63467 0.375118 -0.596962 -1.53818 260 
1.64075 0.375111 -0.606332 -1.54249 261 
1.64684 0.375104 -0.615729 -1.54691 262 
1.65292 0.375096 -0.625153 -1.55146 263 
1.659 0.375087 -0.634605 -1.55612 264 
1.66509 0.375078 -0.644086 -1.56091 265 
1.67117 0.375069 -0.653596 -1.56582 266 
1.67725 0.375059 -0.663136 -1.57086 267 
1.68334 0.375048 -0.672708 -1.57603 268 
1.68942 0.375036 -0.682311 -1.58132 269 
1.6955 0.375024 -0.691947 -1.58674 270 
1.70158 0.375012 -0.701616 -1.59229 271 
1.70767 0.374999 -0.71132 -1.59797 272 
1.71375 0.374985 -0.721058 -1.60379 273 
1.71983 0.37497 -0.730832 -1.60974 274 
1.72592 0.374955 -0.740643 -1.61582 275 
1.732 0.37494 -0.750491 -1.62204 276 
1.73808 0.374923 -0.760377 -1.6284 277 
1.74417 0.374906 -0.770303 -1.6349 278 
1.75025 0.374889 -0.780269 -1.64154 279 
1.75633 0.37487 -0.790275 -1.64833 280 
1.76242 0.374851 -0.800323 -1.65526 281 
1.7685 0.374832 -0.810414 -1.66234 282 
1.77458 0.374811 -0.820548 -1.66957 283 
1.78067 0.37479 -0.830727 -1.67695 284 
1.78675 0.374769 -0.840951 -1.68448 285 
1.79283 0.374746 -0.851221 -1.69217 286 
1.79892 0.374723 -0.861539 -1.70002 287 
1.805 0.374699 -0.871904 -1.70802 288 
1.81108 0.374675 -0.882319 -1.71619 289 
1.81717 0.37465 -0.892785 -1.72452 290 
1.82325 0.374624 -0.903301 -1.73301 291 
1.82933 0.374597 -0.913869 -1.74168 292 
1.83541 0.37457 -0.924491 -1.75051 293 
1.8415 0.374542 -0.935167 -1.75952 294 
1.84758 0.374512 -0.945898 -1.76871 295 
1.85366 0.374483 -0.956686 -1.77807 296 
1.85975 0.374452 -0.967531 -1.78762 297 
1.86583 0.37442 -0.978435 -1.79735 298 
1.87191 0.374388 -0.989399 -1.80727 299 
1.878 0.374355 -1.00042 -1.81738 300 
1.88408 0.374321 -1.01151 -1.82768 301 
1.89016 0.374286 -1.02266 -1.83818 302 
1.89625 0.374251 -1.03387 -1.84888 303 
1.90233 0.374214 -1.04515 -1.85978 304 
1.90841 0.374177 -1.0565 -1.87089 305 
1.9145 0.374138 -1.06792 -1.88221 306 
1.92058 0.374099 -1.0794 -1.89375 307 
1.92666 0.374059 -1.09096 -1.9055 308 
1.93275 0.374017 -1.10259 -1.91747 309 
1.93883 0.373975 -1.11429 -1.92967 310 
1.94491 0.373932 -1.12606 -1.9421 311 
1.951 0.373889 -1.13792 -1.95476 312 
1.95708 0.373843 -1.14985 -1.96766 313 
1.96316 0.373798 -1.16186 -1.9808 314 
1.96924 0.37375 -1.17395 -1.99419 315 
1.97533 0.373702 -1.18612 -2.00783 316 
1.98141 0.373653 -1.19837 -2.02173 317 
1.98749 0.373603 -1.21072 -2.03588 318 
1.99358 0.373552 -1.22314 -2.05031 319 
1.99966 0.373499 -1.23566 -2.065 320 
2.00574 0.373446 -1.24827 -2.07997 321 
2.01183 0.373391 -1.26097 -2.09523 322 
2.01791 0.373335 -1.27376 -2.11077 323 
2.02399 0.373278 -1.28665 -2.1266 324 
2.03008 0.373219 -1.29963 -2.14274 325 
2.03616 0.37316 -1.31272 -2.15918 326 
2.04224 0.373098 -1.3259 -2.17593 327 
2.04833 0.373036 -1.33919 -2.193 328 
2.05441 0.372973 -1.35259 -2.21039 329 
2.06049 0.372908 -1.36609 -2.22812 330 
2.06658 0.372842 -1.37969 -2.24619 331 
2.07266 0.372775 -1.39341 -2.2646 332 
2.07874 0.372706 -1.40725 -2.28337 333 
2.08483 0.372635 -1.42119 -2.30249 334 
2.09091 0.372564 -1.43526 -2.32199 335 
2.09699 0.37249 -1.44945 -2.34186 336 
2.10308 0.372415 -1.46375 -2.36212 337 
2.10916 0.372338 -1.47819 -2.38278 338 
2.11524 0.372259 -1.49274 -2.40384 339 
2.12132 0.372179 -1.50743 -2.42531 340 
2.12741 0.372097 -1.52225 -2.4472 341 
2.13349 0.372013 -1.53721 -2.46953 342 
2.13957 0.371927 -1.5523 -2.4923 343 
2.14566 0.37184 -1.56753 -2.51552 344 
2.15174 0.371751 -1.5829 -2.53921 345 
2.15782 0.371659 -1.59842 -2.56337 346 
2.16391 0.371565 -1.61409 -2.58801 347 
2.16999 0.37147 -1.62991 -2.61315 348 
2.17607 0.371372 -1.64589 -2.63881 349 
2.18216 0.371271 -1.66202 -2.66498 350 
2.18824 0.371169 -1.67831 -2.69169 351 
2.19432 0.371065 -1.69477 -2.71895 352 
2.20041 0.370959 -1.71139 -2.74678 353 
2.20649 0.370849 -1.72819 -2.77518 354 
2.21257 0.370738 -1.74516 -2.80417 355 
2.21866 0.370625 -1.7623 -2.83377 356 
2.22474 0.370508 -1.77963 -2.86399 357 
2.23082 0.370389 -1.79715 -2.89485 358 
2.23691 0.370268 -1.81485 -2.92637 359 
2.24299 0.370143 -1.83275 -2.95856 360 
2.24907 0.370017 -1.85085 -2.99144 361 
2.25515 0.369887 -1.86915 -3.02503 362 
2.26124 0.369753 -1.88766 -3.05935 363 
2.26732 0.369616 -1.90637 -3.09442 364 
2.2734 0.369477 -1.92531 -3.13026 365 
2.27949 0.369334 -1.94446 -3.1669 366 
2.28557 0.369188 -1.96384 -3.20434 367 
2.29165 0.369039 -1.98345 -3.24263 368 
2.29774 0.368887 -2.00329 -3.28177 369 
2.30382 0.368729 -2.02337 -3.3218 370 
2.3099 0.368569 -2.04371 -3.36274 371 
2.31599 0.368405 -2.06429 -3.40462 372 
2.32207 0.368235 -2.08513 -3.44746 373 
2.32815 0.368061 -2.10623 -3.4913 374 
2.33424 0.367884 -2.12761 -3.53616 375 
2.34032 0.367702 -2.14926 -3.58208 376 
2.3464 0.367514 -2.17119 -3.62908 377 
2.35249 0.367324 -2.19341 -3.6772 378 
2.35857 0.367128 -2.21593 -3.72648 379 
2.36465 0.366926 -2.23875 -3.77695 380 
2.37074 0.36672 -2.26189 -3.82864 381 
2.37682 0.366508 -2.28534 -3.8816 382 
2.3829 0.366289 -2.30911 -3.93587 383 
2.38898 0.366065 -2.33322 -3.99148 384 
2.39507 0.365836 -2.35768 -4.04849 385 
2.40115 0.365599 -2.38248 -4.10694 386 
2.40723 0.365357 -2.40765 -4.16688 387 
2.41332 0.36511 -2.43318 -4.22834 388 
2.4194 0.364855 -2.45909 -4.2914 389 
2.42548 0.364593 -2.4854 -4.3561 390 
2.43157 0.364323 -2.5121 -4.42249 391 
2.43765 0.364044 -2.53921 -4.49064 392 
2.44373 0.363759 -2.56673 -4.56061 393 
2.44982 0.363467 -2.5947 -4.63246 394 
2.4559 0.363166 -2.6231 -4.70625 395 
2.46198 0.36286 -2.65196 -4.78206 396 
2.46807 0.36254 -2.68128 -4.85996 397 
2.47415 0.362213 -2.71109 -4.94003 398 
2.48023 0.361879 -2.74139 -5.02234 399 
2.48632 0.361528 -2.7722 -5.10698 400 
2.4924 0.361169 -2.80353 -5.19404 401 
2.49848 0.360796 -2.8354 -5.28361 402 
2.50457 0.360414 -2.86782 -5.37577 403 
2.51065 0.360015 -2.9008 -5.47065 404 
2.51673 0.359608 -2.93438 -5.56833 405 
2.52281 0.359189 -2.96856 -5.66894 406 
2.5289 0.358754 -3.00336 -5.77258 407 
2.53498 0.358301 -3.03879 -5.87938 408 
2.54106 0.357837 -3.07489 -5.98947 409 
2.54715 0.357352 -3.11167 -6.10298 410 
2.55323 0.356856 -3.14915 -6.22005 411 
2.55931 0.356342 -3.18735 -6.34084 412 
2.5654 0.355808 -3.2263 -6.4655 413 
2.57148 0.355256 -3.26602 -6.59419 414 
2.57756 0.35468 -3.30654 -6.7271 415 
2.58365 0.354087 -3.34788 -6.8644 416 
2.58973 0.353479 -3.39006 -7.00629 417 
2.59581 0.352841 -3.43313 -7.15298 418 
2.6019 0.352182 -3.4771 -7.30468 419 
2.60798 0.351495 -3.52201 -7.46162 420 
2.61406 0.350782 -3.56789 -7.62404 421 
2.62015 0.350042 -3.61478 -7.79221 422 
2.62623 0.349277 -3.66271 -7.9664 423 
2.63231 0.348483 -3.71171 -8.14688 424 
2.6384 0.347642 -3.76184 -8.33398 425 
2.64448 0.34677 -3.81312 -8.528 426 
2.65056 0.345871 -3.86561 -8.72931 427 
2.65664 0.344927 -3.91934 -8.93827 428 
2.66273 0.343942 -3.97437 -9.15526 429 
2.66881 0.342913 -4.03075 -9.38071 430 
2.67489 0.341861 -4.08852 -9.61505 431 
2.68098 0.340743 -4.14775 -9.85877 432 
2.68706 0.339571 -4.20848 -10.1124 433 
2.69314 0.338358 -4.2708 -10.3764 434 
2.69923 0.33708 -4.33475 -10.6513 435 
2.70531 0.335748 -4.40041 -10.9379 436 
2.71139 0.334354 -4.46785 -11.2368 437 
2.71748 0.332898 -4.53715 -11.5486 438 
2.72356 0.331381 -4.60838 -11.8742 439 
2.72964 0.32978 -4.68164 -12.2143 440 
2.73573 0.328114 -4.75702 -12.5699 441 
2.74181 0.326362 -4.8346 -12.9418 442 
2.74789 0.324516 -4.91451 -13.3312 443 
2.75398 0.322606 -4.99683 -13.739 444 
2.76006 0.320595 -5.0817 -14.1665 445 
2.76614 0.318474 -5.16923 -14.615 446 
2.77223 0.316255 -5.25956 -15.0858 447 
2.77831 0.31393 -5.35282 -15.5806 448 
2.78439 0.311491 -5.44917 -16.1008 449 
2.79047 0.308972 -5.54876 -16.6483 450 
2.79656 0.306315 -5.65178 -17.2251 451 
2.80264 0.303498 -5.75839 -17.8332 452 
2.80872 0.300578 -5.86881 -18.475 453 
2.81481 0.297522 -5.98324 -19.153 454 
2.82089 0.294304 -6.10191 -19.8699 455 
2.82697 0.29094 -6.22507 -20.6289 456 
2.83306 0.287398 -6.35298 -21.4332 457 
2.83914 0.283688 -6.48593 -22.2866 458 
2.84522 0.279823 -6.62424 -23.193 459 
2.85131 0.275842 -6.76823 -24.1571 460 
2.85739 0.271713 -6.91827 -25.1838 461 
2.86347 0.267345 -7.07476 -26.2786 462 
2.86956 0.262821 -7.23813 -27.4476 463 
2.87564 0.257988 -7.40886 -28.6979 464 
2.88172 0.253058 -7.58746 -30.0369 465 
2.88781 0.2479 -7.7745 -31.4735 466 
2.89389 0.242596 -7.9706 -33.0172 467 
2.89997 0.236946 -8.17644 -34.6789 468 
2.90606 0.231133 -8.39278 -36.4711 469 
2.91214 0.225116 -8.62045 -38.4078 470 
2.91822 0.218939 -8.86039 -40.5048 471 
2.92431 0.212563 -9.11361 -42.7804 472 
2.93039 0.206085 -9.38127 -45.2556 473 
2.93647 0.19933 -9.66466 -47.9542 474 
2.94255 0.192311 -9.96521 -50.904 475 
2.94864 0.185275 -10.2846 -54.1372 476 
2.95472 0.177982 -10.6245 -57.6912 477 
2.9608 0.170653 -10.9872 -61.6101 478 
2.96689 0.162959 -11.3749 -65.9455 479 
2.97297 0.155366 -11.7905 -70.7585 480 
2.97905 0.147562 -12.2369 -76.1219 481 
2.98514 0.139797 -12.7179 -82.1231 482 
2.99122 0.131945 -13.2376 -88.8673 483 
2.9973 0.124372 -13.8008 -96.4823 484 
3.00339 0.116467 -14.4135 -105.125 485 
3.00947 0.10852 -15.0823 -114.988 486 
3.01555 0.100827 -15.8154 -126.315 487 
3.02164 0.0931945 -16.6227 -139.407 488 
3.02772 0.0856585 -17.5159 -154.653 489 
3.0338 0.0784221 -18.5096 -172.553 490 
3.03989 0.0710121 -19.6219 -193.76 491 
3.04597 0.0642204 -20.8754 -219.142 492 
3.05205 0.0573523 -22.2989 -249.87 493 
3.05814 0.0508992 -23.9295 -287.561 494 
3.06422 0.0445707 -25.8161 -334.486 495 
3.0703 0.0389408 -28.0243 -393.93 496 
3.07638 0.0328397 -30.6439 -470.775 497 
3.08247 0.0265403 -33.8021 -572.542 498 
3.08855 0.025043 -37.6842 -711.298 499 
