0.065208 0.00392055 16.8709 -330.569 0 
0.0956239 0.00745221 10.5582 -95.9012 1 
0.12604 0.0121955 8.097 -57.7012 2 
0.156456 0.0180583 6.45287 -41.8912 3 
0.186872 0.0250348 5.36988 -28.5862 4 
0.217288 0.0330666 4.57423 -21.8941 5 
0.247704 0.0421791 4.00119 -16.7062 6 
0.278119 0.0523287 3.54455 -13.3155 7 
0.308535 0.0634526 3.16854 -10.9214 8 
0.338951 0.0755148 2.86093 -8.97893 9 
0.369367 0.0884924 2.60699 -7.70985 10 
0.399783 0.102328 2.38806 -6.77103 11 
0.430199 0.116971 2.19849 -5.65845 12 
0.460615 0.132366 2.03259 -5.09165 13 
0.491031 0.148462 1.88651 -4.55015 14 
0.521447 0.165179 1.75394 -4.10135 15 
0.551863 0.182484 1.63788 -3.70027 16 
0.582279 0.200297 1.53105 -3.35124 17 
0.612695 0.218556 1.43421 -3.08316 18 
0.643111 0.237199 1.34563 -2.83136 19 
0.673526 0.256144 1.26311 -2.63166 20 
0.703942 0.275313 1.18638 -2.42265 21 
0.734358 0.294649 1.11581 -2.26011 22 
0.764774 0.31408 1.0498 -2.0939 23 
0.79519 0.333524 0.987457 -1.97293 24 
0.825606 0.3529 0.92827 -1.86879 25 
0.856022 0.372159 0.873505 -1.76573 26 
0.886438 0.391216 0.820927 -1.67336 27 
0.916854 0.410005 0.771132 -1.59147 28 
0.94727 0.428454 0.723549 -1.52516 29 
0.977686 0.446496 0.678046 -1.46596 30 
1.0081 0.464064 0.634394 -1.40759 31 
1.03852 0.481097 0.592578 -1.35897 32 
1.06893 0.497526 0.551985 -1.31322 33 
1.09935 0.51329 0.512767 -1.26761 34 
1.12977 0.528337 0.474992 -1.23341 35 
1.16018 0.542606 0.438061 -1.19746 36 
1.1906 0.556041 0.402066 -1.16614 37 
1.22101 0.568594 0.366994 -1.13968 38 
1.25143 0.580218 0.332691 -1.11572 39 
1.28185 0.59087 0.299056 -1.09459 40 
1.31226 0.600512 0.26607 -1.0732 41 
1.34268 0.609108 0.233642 -1.05635 42 
1.37309 0.616622 0.201549 -1.04693 43 
1.40351 0.623032 0.17002 -1.03338 44 
1.43392 0.628314 0.13876 -1.02332 45 
1.46434 0.632446 0.107778 -1.01858 46 
1.49476 0.635414 0.0769562 -1.00963 47 
1.52517 0.637201 0.0461682 -1.00696 48 
1.55559 0.637805 0.0155783 -1.00628 49 
1.586 0.637225 -0.0149576 -1.00309 50 
1.61642 0.635462 -0.0455391 -1.00439 51 
1.64684 0.632525 -0.0761714 -1.00987 52 
1.67725 0.628419 -0.10705 -1.0147 53 
1.70767 0.623166 -0.137997 -1.02156 54 
1.73808 0.616785 -0.16919 -1.03261 55 
1.7685 0.609298 -0.20076 -1.04263 56 
1.79892 0.600737 -0.232611 -1.06034 57 
1.82933 0.59113 -0.265023 -1.07438 58 
1.85975 0.580514 -0.297898 -1.09091 59 
1.89016 0.568928 -0.331405 -1.11386 60 
1.92058 0.556411 -0.365727 -1.1358 61 
1.951 0.543012 -0.400704 -1.16781 62 
1.98141 0.528778 -0.436666 -1.19575 63 
2.01183 0.513763 -0.473535 -1.22779 64 
2.04224 0.498024 -0.511467 -1.26995 65 
2.07266 0.481619 -0.5506 -1.30611 66 
2.10308 0.464612 -0.591007 -1.3533 67 
2.13349 0.447063 -0.632942 -1.40379 68 
2.16391 0.429037 -0.676559 -1.45572 69 
2.19432 0.410605 -0.721863 -1.52537 70 
2.22474 0.391835 -0.769145 -1.59098 71 
2.25515 0.3728 -0.81867 -1.66664 72 
2.28557 0.353568 -0.870701 -1.757 73 
2.31599 0.33421 -0.925607 -1.85845 74 
2.3464 0.314793 -0.983882 -1.9688 75 
2.37682 0.295395 -1.04558 -2.0924 76 
2.40723 0.27609 -1.11104 -2.2411 77 
2.43765 0.256945 -1.18138 -2.39705 78 
2.46807 0.238028 -1.25713 -2.58284 79 
2.49848 0.219402 -1.33941 -2.77925 80 
2.5289 0.201141 -1.42854 -3.02734 81 
2.55931 0.183315 -1.52557 -3.32063 82 
2.58973 0.165993 -1.63165 -3.66002 83 
2.62015 0.149248 -1.74807 -4.08092 84 
2.65056 0.133134 -1.87814 -4.55667 85 
2.68098 0.117736 -2.02059 -5.07525 86 
2.71139 0.103088 -2.18398 -5.72888 87 
2.74181 0.0892393 -2.37154 -6.60144 88 
2.77223 0.0762187 -2.59263 -7.72812 89 
2.80264 0.0641109 -2.84379 -9.05722 90 
2.83306 0.0529391 -3.14757 -10.6898 91 
2.86347 0.0427615 -3.50974 -13.3412 92 
2.89389 0.0336237 -3.95201 -16.4774 93 
2.92431 0.0255616 -4.50653 -20.623 94 
2.95472 0.0185823 -5.24201 -27.8003 95 
2.98514 0.012716 -6.23604 -38.0726 96 
3.01555 0.00800306 -7.61171 -51.5366 97 
3.04597 0.00442345 -9.74661 -81.1444 98 
3.07638 0.00192714 -13.6587 -186.551 99 
