0.065208 0.337944 -0.0163078 -0.250266 0 
0.0956239 0.337943 -0.0239242 -0.250572 1 
0.12604 0.337942 -0.0315517 -0.250996 2 
0.156456 0.337941 -0.0391939 -0.251536 3 
0.186872 0.33794 -0.0468543 -0.252195 4 
0.217288 0.337939 -0.0545366 -0.252974 5 
0.247704 0.337937 -0.0622445 -0.253874 6 
0.278119 0.337935 -0.0699815 -0.254897 7 
0.308535 0.337933 -0.0777516 -0.256045 8 
0.338951 0.337931 -0.0855585 -0.25732 9 
0.369367 0.337929 -0.0934062 -0.258725 10 
0.399783 0.337926 -0.101299 -0.260261 11 
0.430199 0.337923 -0.10924 -0.261933 12 
0.460615 0.33792 -0.117234 -0.263744 13 
0.491031 0.337917 -0.125285 -0.265696 14 
0.521447 0.337913 -0.133398 -0.267795 15 
0.551863 0.337909 -0.141577 -0.270044 16 
0.582279 0.337905 -0.149827 -0.272448 17 
0.612695 0.3379 -0.158152 -0.275012 18 
0.643111 0.337896 -0.166558 -0.277742 19 
0.673526 0.33789 -0.17505 -0.280642 20 
0.703942 0.337885 -0.183632 -0.283721 21 
0.734358 0.337879 -0.192311 -0.286983 22 
0.764774 0.337873 -0.201092 -0.290438 23 
0.79519 0.337867 -0.209981 -0.294092 24 
0.825606 0.33786 -0.218984 -0.297954 25 
0.856022 0.337853 -0.228108 -0.302033 26 
0.886438 0.337846 -0.237359 -0.30634 27 
0.916854 0.337838 -0.246746 -0.310883 28 
0.94727 0.33783 -0.256274 -0.315676 29 
0.977686 0.337821 -0.265951 -0.32073 30 
1.0081 0.337812 -0.275787 -0.326058 31 
1.03852 0.337802 -0.285789 -0.331675 32 
1.06893 0.337792 -0.295967 -0.337596 33 
1.09935 0.337781 -0.306329 -0.343837 34 
1.12977 0.337769 -0.316886 -0.350417 35 
1.16018 0.337757 -0.327649 -0.357354 36 
1.1906 0.337745 -0.338629 -0.364669 37 
1.22101 0.337731 -0.349837 -0.372386 38 
1.25143 0.337717 -0.361286 -0.380527 39 
1.28185 0.337702 -0.372989 -0.389121 40 
1.31226 0.337686 -0.384962 -0.398195 41 
1.34268 0.337669 -0.397218 -0.407782 42 
1.37309 0.337652 -0.409773 -0.417914 43 
1.40351 0.337633 -0.422646 -0.42863 44 
1.43392 0.337613 -0.435854 -0.439969 45 
1.46434 0.337592 -0.449417 -0.451975 46 
1.49476 0.33757 -0.463356 -0.464698 47 
1.52517 0.337547 -0.477693 -0.478191 48 
1.55559 0.337522 -0.492453 -0.49251 49 
1.586 0.337495 -0.507662 -0.507721 50 
1.61642 0.337467 -0.523349 -0.523894 51 
1.64684 0.337437 -0.539542 -0.541106 52 
1.67725 0.337405 -0.556277 -0.559444 53 
1.70767 0.337371 -0.573587 -0.579002 54 
1.73808 0.337334 -0.591512 -0.599886 55 
1.7685 0.337295 -0.610094 -0.622214 56 
1.79892 0.337253 -0.629378 -0.646117 57 
1.82933 0.337208 -0.649415 -0.67174 58 
1.85975 0.337159 -0.67026 -0.699249 59 
1.89016 0.337107 -0.691973 -0.728827 60 
1.92058 0.33705 -0.714619 -0.760681 61 
1.951 0.336989 -0.738272 -0.795046 62 
1.98141 0.336923 -0.763012 -0.832187 63 
2.01183 0.336852 -0.788927 -0.872405 64 
2.04224 0.336775 -0.816116 -0.916046 65 
2.07266 0.33669 -0.84469 -0.963502 66 
2.10308 0.336598 -0.874771 -1.01522 67 
2.13349 0.336497 -0.906497 -1.07174 68 
2.16391 0.336386 -0.940021 -1.13364 69 
2.19432 0.336266 -0.97552 -1.20164 70 
2.22474 0.336131 -1.01319 -1.27655 71 
2.25515 0.335981 -1.05325 -1.35935 72 
2.28557 0.335815 -1.09597 -1.45116 73 
2.31599 0.335633 -1.14164 -1.55333 74 
2.3464 0.335427 -1.19059 -1.66749 75 
2.37682 0.335196 -1.24321 -1.79558 76 
2.40723 0.334933 -1.29998 -1.93995 77 
2.43765 0.334633 -1.36142 -2.10346 78 
2.46807 0.334291 -1.42817 -2.28966 79 
2.49848 0.333894 -1.50098 -2.50293 80 
2.5289 0.333426 -1.58075 -2.74878 81 
2.55931 0.332889 -1.66859 -3.0342 82 
2.58973 0.332257 -1.76582 -3.36812 83 
2.62015 0.33151 -1.87409 -3.76221 84 
2.65056 0.330609 -1.99545 -4.23181 85 
2.68098 0.329525 -2.13249 -4.79751 86 
2.71139 0.328177 -2.28854 -5.48743 87 
2.74181 0.326461 -2.46795 -6.34079 88 
2.77223 0.324317 -2.67648 -7.41356 89 
2.80264 0.321488 -2.92198 -8.78794 90 
2.83306 0.31761 -3.21537 -10.5886 91 

