0.065208 0.00101264 16.8939 -312.377 0 
0.0956239 0.00190818 10.4154 -108.88 1 
0.12604 0.00310149 7.98483 -56.1478 2 
0.156456 0.00458589 6.42925 -39.1871 3 
0.186872 0.00637509 5.41514 -28.8015 4 
0.217288 0.00846496 4.66101 -21.1224 5 
0.247704 0.0108583 4.09321 -16.4524 6 
0.278119 0.0135458 3.63529 -13.3162 7 
0.308535 0.0165207 3.26371 -10.7761 8 
0.338951 0.0197856 2.96461 -9.03671 9 
0.369367 0.0233314 2.70985 -7.65665 10 
0.399783 0.0271673 2.50223 -6.47585 11 
0.430199 0.0312822 2.31841 -5.58858 12 
0.460615 0.0356657 2.15579 -5.01982 13 
0.491031 0.0403156 2.01454 -4.3357 14 
0.521447 0.0452315 1.89139 -3.83728 15 
0.551863 0.0504075 1.78105 -3.43585 16 
0.582279 0.055835 1.68104 -3.05488 17 
0.612695 0.0615117 1.59172 -2.7582 18 
0.643111 0.0674352 1.51136 -2.53402 19 
0.673526 0.0735982 1.43763 -2.36057 20 
0.703942 0.0799964 1.37035 -2.14279 21 
0.734358 0.0866228 1.30823 -1.95226 22 
0.764774 0.0934711 1.25082 -1.80638 23 
0.79519 0.100535 1.19762 -1.68107 24 
0.825606 0.10781 1.1485 -1.57907 25 
0.856022 0.115287 1.10228 -1.46825 26 
0.886438 0.122959 1.05914 -1.36481 27 
0.916854 0.13082 1.0187 -1.29055 28 
0.94727 0.138863 0.980742 -1.21556 29 
0.977686 0.147079 0.944963 -1.14511 30 
1.0081 0.155463 0.911306 -1.08356 31 
1.03852 0.164005 0.879321 -1.02243 32 
1.06893 0.172697 0.848951 -0.970262 33 
1.09935 0.18153 0.820019 -0.924466 34 
1.12977 0.190497 0.792602 -0.881007 35 
1.16018 0.199591 0.766559 -0.839883 36 
1.1906 0.208801 0.741607 -0.799401 37 
1.22101 0.218119 0.717715 -0.767214 38 
1.25143 0.227536 0.694839 -0.732998 39 
1.28185 0.237044 0.672943 -0.702139 40 
1.31226 0.246634 0.651952 -0.676972 41 
1.34268 0.256298 0.631828 -0.647393 42 
1.37309 0.266025 0.612336 -0.623682 43 
1.40351 0.275808 0.593645 -0.603996 44 
1.43392 0.285637 0.575666 -0.583828 45 
1.46434 0.295504 0.558246 -0.563335 46 
1.49476 0.305399 0.541466 -0.544493 47 
1.52517 0.315312 0.525102 -0.525764 48 
1.55559 0.325235 0.509352 -0.511039 49 
1.586 0.335158 0.494055 -0.495038 50 
1.61642 0.345073 0.479267 -0.479325 51 
1.64684 0.354971 0.464872 -0.467364 52 
1.67725 0.364842 0.450882 -0.453489 53 
1.70767 0.374676 0.437249 -0.441458 54 
1.73808 0.384466 0.424012 -0.429631 55 
1.7685 0.394202 0.411102 -0.418707 56 
1.79892 0.403875 0.398496 -0.409166 57 
1.82933 0.413476 0.386231 -0.399512 58 
1.85975 0.422996 0.374191 -0.390934 59 
1.89016 0.432426 0.36245 -0.381955 60 
1.92058 0.441758 0.350967 -0.374742 61 
1.951 0.450982 0.339736 -0.366824 62 
1.98141 0.460089 0.328652 -0.358561 63 
2.01183 0.469073 0.317892 -0.351977 64 
2.04224 0.477924 0.307272 -0.345009 65 
2.07266 0.486634 0.296902 -0.337959 66 
2.10308 0.495195 0.28669 -0.332351 67 
2.13349 0.503599 0.276641 -0.327393 68 
2.16391 0.511839 0.266788 -0.321359 69 
2.19432 0.519908 0.25714 -0.315676 70 
2.22474 0.527796 0.247548 -0.311048 71 
2.25515 0.535498 0.238148 -0.307275 72 
2.28557 0.543006 0.228877 -0.302144 73 
2.31599 0.550314 0.219764 -0.298294 74 
2.3464 0.557414 0.210726 -0.295131 75 
2.37682 0.5643 0.201821 -0.290839 76 
2.40723 0.570965 0.193027 -0.286927 77 
2.43765 0.577403 0.18433 -0.283609 78 
2.46807 0.583609 0.17575 -0.281323 79 
2.49848 0.589577 0.167244 -0.277724 80 
2.5289 0.595302 0.158837 -0.275322 81 
2.55931 0.600776 0.150489 -0.273188 82 
2.58973 0.605998 0.142255 -0.270165 83 
2.62015 0.61096 0.134074 -0.267728 84 
2.65056 0.615659 0.125949 -0.26527 85 
2.68098 0.62009 0.117889 -0.263805 86 
2.71139 0.624251 0.109929 -0.261699 87 
2.74181 0.628137 0.102007 -0.259055 88 
2.77223 0.631744 0.094125 -0.257809 89 
2.80264 0.635069 0.0863096 -0.256699 90 
2.83306 0.638111 0.0785511 -0.254362 91 
2.86347 0.640867 0.070846 -0.252675 92 
2.89389 0.643335 0.0631724 -0.251095 93 
2.92431 0.645513 0.0555596 -0.249046 94 
2.95472 0.647399 0.047963 -0.246974 95 
2.98514 0.648996 0.0405169 -0.244253 96 
3.01555 0.650307 0.0331556 -0.238244 97 
3.04597 0.651336 0.0260008 -0.227518 98 
3.07638 0.652097 0.0191829 -0.219887 99 
