0.065208 0.00797226 16.8084 -333.496 0 
0.0956239 0.0150511 10.4465 -101.487 1 
0.12604 0.024405 7.94546 -57.9327 2 
0.156456 0.0359595 6.37176 -41.7712 3 
0.186872 0.0496739 5.31115 -28.8018 4 
0.217288 0.0653538 4.50975 -21.9649 5 
0.247704 0.0830181 3.93284 -17.0641 6 
0.278119 0.102518 3.46822 -13.6539 7 
0.308535 0.123675 3.08425 -11.3287 8 
0.338951 0.146445 2.77806 -9.2604 9 
0.369367 0.1706 2.50969 -7.97153 10 
0.399783 0.196017 2.28302 -6.89115 11 
0.430199 0.222576 2.08885 -5.912 12 
0.460615 0.250049 1.91326 -5.29771 13 
0.491031 0.278368 1.76369 -4.84806 14 
0.521447 0.307272 1.62394 -4.43659 15 
0.551863 0.336577 1.49749 -3.97912 16 
0.582279 0.366078 1.38115 -3.63416 17 
0.612695 0.395621 1.27581 -3.33251 18 
0.643111 0.425014 1.17811 -3.07849 19 
0.673526 0.454075 1.08727 -2.87105 20 
0.703942 0.482629 1.00253 -2.70228 21 
0.734358 0.510508 0.923148 -2.53691 22 
0.764774 0.537536 0.848072 -2.39671 23 
0.79519 0.563549 0.776884 -2.26634 24 
0.825606 0.588402 0.709431 -2.15108 25 
0.856022 0.611956 0.645213 -2.062 26 
0.886438 0.634075 0.583702 -1.98659 27 
0.916854 0.654631 0.524469 -1.90777 28 
0.94727 0.673517 0.467521 -1.84243 29 
0.977686 0.690623 0.4123 -1.78329 30 
1.0081 0.70586 0.358745 -1.73445 31 
1.03852 0.719152 0.306687 -1.68678 32 
1.06893 0.730444 0.256113 -1.64678 33 
1.09935 0.739678 0.206501 -1.61289 34 
1.12977 0.746823 0.158034 -1.58138 35 
1.16018 0.751857 0.110437 -1.55537 36 
1.1906 0.754767 0.0635078 -1.52878 37 
1.22101 0.755566 0.0173903 -1.51047 38 
1.25143 0.754278 -0.0280538 -1.49283 39 
1.28185 0.75091 -0.0735641 -1.48135 40 
1.31226 0.745517 -0.118483 -1.47674 41 
1.34268 0.738151 -0.163232 -1.46325 42 
1.37309 0.728877 -0.207845 -1.45995 43 
1.40351 0.717782 -0.252153 -1.46271 44 
1.43392 0.704951 -0.296512 -1.46368 45 
1.46434 0.690479 -0.340994 -1.46509 46 
1.49476 0.674461 -0.385846 -1.47353 47 
1.52517 0.657015 -0.430813 -1.48679 48 
1.55559 0.638256 -0.476177 -1.49776 49 
1.586 0.61831 -0.521925 -1.51112 50 
1.61642 0.597307 -0.568111 -1.52734 51 
1.64684 0.57538 -0.614803 -1.54922 52 
1.67725 0.552661 -0.662272 -1.57337 53 
1.70767 0.529279 -0.710623 -1.60229 54 
1.73808 0.50537 -0.759888 -1.63261 55 
1.7685 0.481065 -0.810238 -1.66449 56 
1.79892 0.456507 -0.861346 -1.70344 57 
1.82933 0.431826 -0.913697 -1.74528 58 
1.85975 0.407149 -0.967323 -1.79306 59 
1.89016 0.382592 -1.02265 -1.84178 60 
1.92058 0.358271 -1.0797 -1.90215 61 
1.951 0.334303 -1.13826 -1.96071 62 
1.98141 0.310787 -1.199 -2.0248 63 
2.01183 0.28783 -1.26151 -2.10792 64 
2.04224 0.265506 -1.32712 -2.18378 65 
2.07266 0.243909 -1.3947 -2.26525 66 
2.10308 0.22311 -1.46521 -2.36355 67 
2.13349 0.203173 -1.53877 -2.48038 68 
2.16391 0.184152 -1.61587 -2.59609 69 
2.19432 0.166093 -1.69671 -2.73128 70 
2.22474 0.149035 -1.78138 -2.87786 71 
2.25515 0.132999 -1.87144 -3.03188 72 
2.28557 0.118004 -1.96638 -3.21975 73 
2.31599 0.10406 -2.06726 -3.41992 74 
2.3464 0.0911679 -2.17425 -3.63371 75 
2.37682 0.0793195 -2.2886 -3.89549 76 
2.40723 0.0684954 -2.41184 -4.18748 77 
2.43765 0.058676 -2.54366 -4.50497 78 
2.46807 0.0498282 -2.68692 -4.87974 79 
2.49848 0.0419152 -2.84279 -5.31528 80 
2.5289 0.0348995 -3.01117 -5.8243 81 
2.55931 0.028732 -3.19671 -6.37319 82 
2.58973 0.0233645 -3.39945 -7.06465 83 
2.62015 0.0187379 -3.62751 -7.84939 84 
2.65056 0.0147997 -3.87859 -8.73247 85 
2.68098 0.0114879 -4.16414 -9.93144 86 
2.71139 0.00874499 -4.4847 -11.3545 87 
2.74181 0.00650769 -4.8576 -13.1566 88 
2.77223 0.00471775 -5.28756 -15.1756 89 
2.80264 0.00331788 -5.78656 -18.0881 90 
2.83306 0.00224867 -6.39443 -21.9438 91 
2.86347 0.00145704 -7.13332 -26.8692 92 
2.89389 0.000892947 -8.04898 -33.5768 93 
2.92431 0.000509333 -9.22914 -43.3584 94 
2.95472 0.000264217 -10.7892 -58.3099 95 
2.98514 0.000120402 -12.9198 -83.9377 96 
3.01555 4.50631e-05 -16.1555 -127.242 97 
3.04597 1.21414e-05 -21.5584 -222.822 98 
3.07638 1.62207e-06 -33.09 -526.44 99 
