0.065208 1.1811e-05 35.5389 -666.483 0 
0.0956239 4.47048e-05 21.8808 -232.46 1 
0.12604 0.000119832 16.2088 -125.438 2 
0.156456 0.000263584 12.9583 -85.3513 3 
0.186872 0.000509219 10.825 -59.4811 4 
0.217288 0.000893549 9.24389 -43.7333 5 
0.247704 0.00145811 8.04992 -33.3319 6 
0.278119 0.0022472 7.11055 -26.2484 7 
0.308535 0.00331416 6.38677 -21.6193 8 
0.338951 0.00471148 5.7831 -18.486 9 
0.369367 0.00649687 5.28209 -15.308 10 
0.399783 0.00872738 4.85182 -13.0172 11 
0.430199 0.0114618 4.48044 -11.5548 12 
0.460615 0.0147626 4.16032 -10.0194 13 
0.491031 0.0186925 3.87989 -8.7535 14 
0.521447 0.0233059 3.62614 -7.76064 15 
0.551863 0.0286623 3.40084 -7.06857 16 
0.582279 0.0348141 3.19633 -6.46554 17 
0.612695 0.0418129 3.01129 -5.75224 18 
0.643111 0.0497036 2.84182 -5.34354 19 
0.673526 0.0585278 2.68649 -4.90382 20 
0.703942 0.068324 2.54405 -4.50829 21 
0.734358 0.0791229 2.41224 -4.18213 22 
0.764774 0.0909492 2.28991 -3.89167 23 
0.79519 0.103818 2.17541 -3.64513 24 
0.825606 0.117738 2.0684 -3.41981 25 
0.856022 0.132709 1.96773 -3.21087 26 
0.886438 0.148721 1.87261 -3.03968 27 
0.916854 0.16576 1.78306 -2.8724 28 
0.94727 0.183794 1.6977 -2.72267 29 
0.977686 0.202791 1.61694 -2.58586 30 
1.0081 0.222711 1.54024 -2.47439 31 
1.03852 0.243491 1.46642 -2.37449 32 
1.06893 0.265067 1.3957 -2.272 33 
1.09935 0.287365 1.32778 -2.19024 34 
1.12977 0.310306 1.2626 -2.1032 35 
1.16018 0.333798 1.19962 -2.02581 36 
1.1906 0.357745 1.13897 -1.95969 37 
1.22101 0.382047 1.08039 -1.89766 38 
1.25143 0.406593 1.02362 -1.84588 39 
1.28185 0.431262 0.968314 -1.79565 40 
1.31226 0.455934 0.914531 -1.74685 41 
1.34268 0.480481 0.862033 -1.70164 42 
1.37309 0.504771 0.810723 -1.66833 43 
1.40351 0.528676 0.760622 -1.63716 44 
1.43392 0.552062 0.711544 -1.60087 45 
1.46434 0.574784 0.66303 -1.57155 46 
1.49476 0.596716 0.615592 -1.54931 47 
1.52517 0.617724 0.568786 -1.53113 48 
1.55559 0.63767 0.522419 -1.51105 49 
1.586 0.656432 0.476694 -1.49691 50 
1.61642 0.673885 0.43136 -1.48656 51 
1.64684 0.689913 0.386415 -1.47356 52 
1.67725 0.7044 0.341599 -1.46429 53 
1.70767 0.717248 0.297148 -1.45893 54 
1.73808 0.728356 0.252634 -1.45867 55 
1.7685 0.737644 0.208298 -1.46428 56 
1.79892 0.745031 0.163791 -1.46405 57 
1.82933 0.750448 0.119108 -1.46642 58 
1.85975 0.753848 0.0742937 -1.48379 59 
1.89016 0.755179 0.0290144 -1.49531 60 
1.92058 0.75441 -0.016754 -1.50894 61 
1.951 0.75153 -0.0628699 -1.53588 62 
1.98141 0.746533 -0.109684 -1.54903 63 
2.01183 0.739429 -0.157162 -1.5727 64 
2.04224 0.730235 -0.20569 -1.61093 65 
2.07266 0.718979 -0.255367 -1.64391 66 
2.10308 0.705717 -0.306045 -1.68434 67 
2.13349 0.69051 -0.358103 -1.73321 68 
2.16391 0.673436 -0.411583 -1.78123 69 
2.19432 0.654586 -0.466711 -1.83756 70 
2.22474 0.634052 -0.523924 -1.902 71 
2.25515 0.611949 -0.583292 -1.9778 72 
2.28557 0.588419 -0.644548 -2.06847 73 
2.31599 0.5636 -0.708407 -2.16182 74 
2.3464 0.537626 -0.775622 -2.27011 75 
2.37682 0.510662 -0.845874 -2.39861 76 
2.40723 0.482857 -0.920344 -2.53458 77 
2.43765 0.454374 -0.99949 -2.68562 78 
2.46807 0.425374 -1.08414 -2.86786 79 
2.49848 0.396063 -1.17366 -3.07708 80 
2.5289 0.36659 -1.27121 -3.30544 81 
2.55931 0.33715 -1.37616 -3.55087 82 
2.58973 0.307947 -1.48937 -3.91098 83 
2.62015 0.27918 -1.61217 -4.30888 84 
2.65056 0.250984 -1.75022 -4.79434 85 
2.68098 0.223522 -1.90492 -5.41452 86 
2.71139 0.197007 -2.07571 -5.93136 87 
2.74181 0.171606 -2.26912 -6.73786 88 
2.77223 0.147487 -2.48988 -7.98943 89 
2.80264 0.124745 -2.753 -9.13666 90 
2.83306 0.103536 -3.06332 -10.9511 91 
2.86347 0.0840165 -3.4342 -13.2827 92 
2.89389 0.0663007 -3.89291 -16.1786 93 
2.92431 0.0505151 -4.47018 -21.0907 94 
2.95472 0.0368183 -5.1992 -28.0654 95 
2.98514 0.025251 -6.1995 -37.8721 96 
3.01555 0.0159227 -7.58025 -52.475 97 
3.04597 0.00886209 -9.63253 -83.7105 98 
3.07638 0.00387332 -13.6059 -183.094 99 
