0.065208 0.331079 15.3138 -235.513 0 
0.0956239 0.329904 10.4257 -109.696 1 
0.12604 0.329388 7.89194 -63.2828 2 
0.156456 0.329114 6.33935 -41.1873 3 
0.186872 0.328959 5.28883 -28.9717 4 
0.217288 0.328863 4.52954 -21.5167 5 
0.247704 0.328794 3.95418 -16.6355 6 
0.278119 0.328747 3.50239 -13.2667 7 
0.308535 0.328713 3.13762 -10.8446 8 
0.338951 0.328687 2.83642 -9.04526 9 
0.369367 0.328667 2.58308 -7.67228 10 
0.399783 0.328651 2.36665 -6.60105 11 
0.430199 0.328639 2.1793 -5.74937 12 
0.460615 0.328628 2.01526 -5.06126 13 
0.491031 0.32862 1.87016 -4.4975 14 
0.521447 0.328613 1.74069 -4.03 15 
0.551863 0.328607 1.62424 -3.63817 16 
0.582279 0.328602 1.51876 -3.30664 17 
0.612695 0.328598 1.4226 -3.0238 18 
0.643111 0.328594 1.33442 -2.78067 19 
0.673526 0.328591 1.25312 -2.5703 20 
0.703942 0.328588 1.17779 -2.38718 21 
0.734358 0.328586 1.10767 -2.22693 22 
0.764774 0.328583 1.04212 -2.08602 23 
0.79519 0.328582 0.980605 -1.96159 24 
0.825606 0.32858 0.922652 -1.85129 25 
0.856022 0.328578 0.867864 -1.75319 26 
0.886438 0.328577 0.815895 -1.66569 27 
0.916854 0.328576 0.766444 -1.58744 28 
0.94727 0.328575 0.719246 -1.51732 29 
0.977686 0.328574 0.67407 -1.45437 30 
1.0081 0.328573 0.63071 -1.39779 31 
1.03852 0.328572 0.588982 -1.3469 32 
1.06893 0.328571 0.548724 -1.3011 33 
1.09935 0.328571 0.509787 -1.25988 34 
1.12977 0.32857 0.472041 -1.22282 35 
1.16018 0.328569 0.435363 -1.18954 36 
1.1906 0.328569 0.399644 -1.15971 37 
1.22101 0.328569 0.364783 -1.13307 38 
1.25143 0.328568 0.330687 -1.10935 39 
1.28185 0.328568 0.297271 -1.08837 40 
1.31226 0.328568 0.264454 -1.06994 41 
1.34268 0.328567 0.232161 -1.0539 42 
1.37309 0.328567 0.20032 -1.04013 43 
1.40351 0.328567 0.168866 -1.02852 44 
1.43392 0.328567 0.137733 -1.01897 45 
1.46434 0.328567 0.10686 -1.01142 46 
1.49476 0.328567 0.0761867 -1.0058 47 
1.52517 0.328567 0.0456556 -1.00208 48 
1.55559 0.328567 0.0152091 -1.00023 49 
1.586 0.328567 -0.0152091 -1.00023 50 
1.61642 0.328567 -0.0456556 -1.00208 51 
1.64684 0.328567 -0.0761867 -1.0058 52 
1.67725 0.328567 -0.10686 -1.01142 53 
1.70767 0.328567 -0.137733 -1.01897 54 
1.73808 0.328567 -0.168866 -1.02852 55 
1.7685 0.328567 -0.20032 -1.04013 56 
1.79892 0.328568 -0.232161 -1.0539 57 
1.82933 0.328568 -0.264454 -1.06994 58 
1.85975 0.328568 -0.297271 -1.08837 59 
1.89016 0.328569 -0.330687 -1.10935 60 
1.92058 0.328569 -0.364783 -1.13307 61 
1.951 0.32857 -0.399644 -1.15971 62 
1.98141 0.32857 -0.435363 -1.18954 63 
2.01183 0.328571 -0.472041 -1.22282 64 
2.04224 0.328571 -0.509787 -1.25988 65 
2.07266 0.328572 -0.548724 -1.3011 66 
2.10308 0.328573 -0.588982 -1.3469 67 
2.13349 0.328574 -0.63071 -1.39779 68 
2.16391 0.328575 -0.67407 -1.45437 69 
2.19432 0.328576 -0.719246 -1.51732 70 
2.22474 0.328577 -0.766444 -1.58744 71 
2.25515 0.328578 -0.815895 -1.66569 72 
2.28557 0.32858 -0.867864 -1.75319 73 
2.31599 0.328582 -0.922652 -1.85129 74 
2.3464 0.328583 -0.980605 -1.96159 75 
2.37682 0.328586 -1.04212 -2.08602 76 
2.40723 0.328588 -1.10767 -2.22693 77 
2.43765 0.328591 -1.17779 -2.38718 78 
2.46807 0.328594 -1.25312 -2.5703 79 
2.49848 0.328598 -1.33442 -2.78067 80 
2.5289 0.328602 -1.4226 -3.0238 81 
2.55931 0.328607 -1.51876 -3.30664 82 
2.58973 0.328613 -1.62424 -3.63817 83 
2.62015 0.32862 -1.74069 -4.03 84 
2.65056 0.328629 -1.87016 -4.4975 85 
2.68098 0.328639 -2.01526 -5.06126 86 
2.71139 0.328651 -2.1793 -5.74937 87 
2.74181 0.328667 -2.36665 -6.60105 88 
2.77223 0.328687 -2.58308 -7.67228 89 
2.80264 0.328712 -2.83642 -9.04526 90 
2.83306 0.328747 -3.13762 -10.8446 91 
2.86347 0.328794 -3.50239 -13.2667 92 
2.89389 0.32886 -3.95418 -16.6355 93 
2.92431 0.32896 -4.52954 -21.5167 94 
2.95472 0.329119 -5.28883 -28.9717 95 
2.98514 0.329379 -6.33935 -41.1873 96 
3.01555 0.329904 -7.89194 -63.2828 97 
3.04597 0.331123 -10.4257 -109.696 98 
3.07638 0.334724 -15.3138 -235.513 99 
