0.065208 0.0213431 13.9811 -80.0897 0 
0.0956239 0.0427122 11.4045 -82.436 1 
0.12604 0.0735874 8.94253 -76.9726 2 
0.156456 0.111572 6.84171 -61.3147 3 
0.186872 0.153341 5.22741 -47.0447 4 
0.217288 0.19467 3.92298 -37.4079 5 
0.247704 0.232497 2.91913 -28.9807 6 
0.278119 0.264857 2.14212 -21.8484 7 
0.308535 0.291495 1.57537 -16.0972 8 
0.338951 0.312328 1.13479 -12.0361 9 
0.369367 0.328243 0.817054 -8.91417 10 
0.399783 0.340068 0.581782 -6.49093 11 
0.430199 0.348791 0.416311 -4.58073 12 
0.460615 0.355135 0.296329 -3.26108 13 
0.491031 0.359768 0.213088 -2.23825 14 
0.521447 0.363187 0.155449 -1.54499 15 
0.551863 0.365754 0.115787 -1.06595 16 
0.582279 0.367723 0.088253 -0.749714 17 
0.612695 0.369262 0.0686803 -0.527014 18 
0.643111 0.370496 0.0548234 -0.385535 19 
0.673526 0.371499 0.0444402 -0.283815 20 
0.703942 0.372334 0.0369068 -0.208496 21 
0.734358 0.373044 0.0313551 -0.159672 22 
0.764774 0.373657 0.0269802 -0.127969 23 
0.79519 0.374188 0.0233198 -0.111384 24 
0.825606 0.374649 0.0202577 -0.0902909 25 
0.856022 0.375054 0.017755 -0.0732729 26 
0.886438 0.375412 0.0156736 -0.0625311 27 
0.916854 0.375729 0.0139005 -0.0530339 28 
0.94727 0.376013 0.0123964 -0.0459393 29 
0.977686 0.376265 0.0110219 -0.041957 30 
1.0081 0.37649 0.00984421 -0.0359377 31 
1.03852 0.376692 0.00882138 -0.0315817 32 
1.06893 0.376874 0.00790585 -0.0287319 33 
1.09935 0.377036 0.00706453 -0.0256876 34 
1.12977 0.37718 0.00631565 -0.0227776 35 
1.16018 0.37731 0.00564903 -0.0209271 36 
1.1906 0.377426 0.00503911 -0.0191085 37 
1.22101 0.377529 0.00448501 -0.0172773 38 
1.25143 0.37762 0.00397372 -0.0162383 39 
1.28185 0.3777 0.00349808 -0.0148763 40 
1.31226 0.377771 0.00305915 -0.0138927 41 
1.34268 0.377831 0.00264431 -0.0134765 42 
1.37309 0.377883 0.00223267 -0.0127805 43 
1.40351 0.377926 0.00186093 -0.0117813 44 
1.43392 0.37796 0.00150654 -0.0114479 45 
1.46434 0.377987 0.00115519 -0.0112102 46 
1.49476 0.378006 0.000821227 -0.0110051 47 
1.52517 0.378017 0.000483671 -0.0110366 48 
1.55559 0.37802 0.000150148 -0.0105431 49 
1.586 0.378016 -0.00016484 -0.0104771 50 
1.61642 0.378005 -0.0004956 -0.010827 51 
1.64684 0.377986 -0.000825289 -0.0109711 52 
1.67725 0.377959 -0.00116806 -0.0111992 53 
1.70767 0.377924 -0.00150891 -0.011511 54 
1.73808 0.377881 -0.00187533 -0.011881 55 
1.7685 0.37783 -0.00224383 -0.0125976 56 
1.79892 0.377769 -0.00263377 -0.0133189 57 
1.82933 0.377699 -0.00306231 -0.0140167 58 
1.85975 0.377618 -0.00350135 -0.0148616 59 
1.89016 0.377527 -0.00398036 -0.0162135 60 
1.92058 0.377424 -0.00449908 -0.017527 61 
1.951 0.377308 -0.0050409 -0.0190273 62 
1.98141 0.377178 -0.00565941 -0.0211735 63 
2.01183 0.377033 -0.00634788 -0.022908 64 
2.04224 0.37687 -0.00707767 -0.0251259 65 
2.07266 0.37669 -0.007883 -0.0278403 66 
2.10308 0.376488 -0.00879382 -0.0316803 67 
2.13349 0.376263 -0.00983389 -0.0362623 68 
2.16391 0.37601 -0.0110386 -0.0419478 69 
2.19432 0.375726 -0.0124354 -0.0492152 70 
2.22474 0.375406 -0.0140262 -0.0552448 71 
2.25515 0.375044 -0.0158206 -0.0632592 72 
2.28557 0.374636 -0.0179232 -0.0750457 73 
2.31599 0.37417 -0.0204432 -0.0908868 74 
2.3464 0.373634 -0.0235678 -0.109084 75 
2.37682 0.373018 -0.0271418 -0.12932 76 
2.40723 0.372303 -0.0315487 -0.15819 77 
2.43765 0.371462 -0.0371412 -0.211634 78 
2.46807 0.370455 -0.0446224 -0.270882 79 
2.49848 0.369238 -0.0541164 -0.359852 80 
2.5289 0.367725 -0.067476 -0.501449 81 
2.55931 0.365817 -0.0855103 -0.685741 82 
2.58973 0.363367 -0.110497 -0.970346 83 
2.62015 0.360142 -0.146548 -1.3844 84 
2.65056 0.355832 -0.197898 -2.00493 85 
2.68098 0.349991 -0.272079 -2.78565 86 
2.71139 0.342123 -0.373807 -3.97784 87 
2.74181 0.331445 -0.521229 -5.7554 88 
2.77223 0.316971 -0.734011 -7.96112 89 
2.80264 0.297914 -1.01927 -10.9383 90 
2.83306 0.273544 -1.40297 -14.1397 91 
2.86347 0.243778 -1.89379 -18.3589 92 
2.89389 0.20888 -2.53974 -24.8466 93 
2.92431 0.169629 -3.42169 -32.8055 94 
2.95472 0.1285 -4.56478 -41.5919 95 
2.98514 0.0894082 -5.96261 -51.5481 96 
3.01555 0.0559238 -7.71345 -64.3617 97 
3.04597 0.0308889 -9.75791 -74.7925 98 
3.07638 0.0151355 -11.7266 -48.898 99 
