0.065208 0.000245625 13.8987 13.5364 0 
0.0956239 0.00049689 11.5822 11.5272 1 
0.12604 0.000908029 9.91104 9.89167 2 
0.156456 0.00154241 8.70965 8.70089 3 
0.186872 0.00244195 7.55281 7.54834 4 
0.217288 0.00369634 6.81463 6.8121 5 
0.247704 0.00535587 6.09631 6.09479 6 
0.278119 0.00752368 5.5869 5.58594 7 
0.308535 0.0102578 5.09568 5.09504 8 
0.338951 0.0136355 4.67911 4.67865 9 
0.369367 0.0177819 4.36459 4.36428 10 
0.399783 0.0227695 4.06433 4.06411 11 
0.430199 0.0287102 3.81104 3.81088 12 
0.460615 0.0356078 3.53948 3.53936 13 
0.491031 0.0435938 3.32638 3.32629 14 
0.521447 0.0527309 3.12806 3.12799 15 
0.551863 0.063093 2.94926 2.9492 16 
0.582279 0.0747764 2.79282 2.79277 17 
0.612695 0.0878046 2.64027 2.64024 18 
0.643111 0.102228 2.50022 2.5002 19 
0.673526 0.118073 2.36869 2.36867 20 
0.703942 0.135243 2.23197 2.23196 21 
0.734358 0.153776 2.11115 2.11113 22 
0.764774 0.173645 1.99753 1.99753 23 
0.79519 0.194759 1.88639 1.88638 24 
0.825606 0.217274 1.79833 1.79833 25 
0.856022 0.240866 1.6945 1.6945 26 
0.886438 0.265706 1.61348 1.61348 27 
0.916854 0.291376 1.51601 1.51601 28 
0.94727 0.317816 1.42786 1.42785 29 
0.977686 0.345102 1.354 1.354 30 
1.0081 0.373051 1.28018 1.28018 31 
1.03852 0.401486 1.20754 1.20754 32 
1.06893 0.430214 1.13609 1.1361 33 
1.09935 0.459159 1.07037 1.07038 34 
1.12977 0.488095 1.00464 1.00464 35 
1.16018 0.516723 0.936944 0.936948 36 
1.1906 0.545026 0.876644 0.876648 37 
1.22101 0.572597 0.811225 0.81123 38 
1.25143 0.599412 0.752353 0.752358 39 
1.28185 0.625328 0.695812 0.695817 40 
1.31226 0.650269 0.642916 0.642922 41 
1.34268 0.674071 0.590944 0.590951 42 
1.37309 0.696238 0.531908 0.531915 43 
1.40351 0.716314 0.467296 0.467302 44 
1.43392 0.734573 0.413774 0.413781 45 
1.46434 0.750942 0.3623 0.362307 46 
1.49476 0.765368 0.312806 0.312814 47 
1.52517 0.777342 0.255184 0.255192 48 
1.55559 0.787073 0.204509 0.204518 49 
1.586 0.79441 0.152527 0.152536 50 
1.61642 0.798814 0.0908793 0.0908884 51 
1.64684 0.800718 0.039147 0.0391566 52 
1.67725 0.799929 -0.0162177 -0.0162077 53 
1.70767 0.79658 -0.0689576 -0.0689471 54 
1.73808 0.790479 -0.126384 -0.126373 55 
1.7685 0.781845 -0.180552 -0.18054 56 
1.79892 0.770782 -0.234255 -0.234243 57 
1.82933 0.757216 -0.291919 -0.291907 58 
1.85975 0.741511 -0.344529 -0.344516 59 
1.89016 0.723543 -0.403238 -0.403223 60 
1.92058 0.703513 -0.4615 -0.461485 61 
1.951 0.681632 -0.519391 -0.519375 62 
1.98141 0.658264 -0.573459 -0.573441 63 
2.01183 0.632937 -0.644973 -0.644955 64 
2.04224 0.606415 -0.703686 -0.703666 65 
2.07266 0.578457 -0.775917 -0.775896 66 
2.10308 0.549383 -0.847721 -0.847699 67 
2.13349 0.519638 -0.91504 -0.915016 68 
2.16391 0.489405 -0.985371 -0.985345 69 
2.19432 0.458623 -1.06788 -1.06785 70 
2.22474 0.427657 -1.14921 -1.14918 71 
2.25515 0.396711 -1.23476 -1.23473 72 
2.28557 0.366004 -1.32436 -1.32432 73 
2.31599 0.335837 -1.41405 -1.41401 74 
2.3464 0.30661 -1.49674 -1.49669 75 
2.37682 0.278119 -1.60319 -1.60314 76 
2.40723 0.250773 -1.70148 -1.70142 77 
2.43765 0.2247 -1.80464 -1.80458 78 
2.46807 0.199818 -1.92926 -1.92918 79 
2.49848 0.176243 -2.06378 -2.0637 80 
2.5289 0.154265 -2.1895 -2.1894 81 
2.55931 0.133791 -2.34073 -2.34061 82 
2.58973 0.115032 -2.48343 -2.48329 83 
2.62015 0.0978801 -2.65429 -2.65412 84 
2.65056 0.082433 -2.82348 -2.82327 85 
2.68098 0.0685967 -3.02048 -3.02022 86 
2.71139 0.0562893 -3.25059 -3.25027 87 
2.74181 0.0454969 -3.49918 -3.49877 88 
2.77223 0.036197 -3.75901 -3.75847 89 
2.80264 0.0282779 -4.05862 -4.05788 90 
2.83306 0.0216206 -4.41276 -4.41175 91 
2.86347 0.016103 -4.84348 -4.84203 92 
2.89389 0.0116608 -5.30596 -5.30378 93 
2.92431 0.00815702 -5.87451 -5.87104 94 
2.95472 0.00547957 -6.54018 -6.53423 95 
2.98514 0.00351544 -7.29654 -7.28494 96 
3.01555 0.00214797 -8.09839 -8.07276 97 
3.04597 0.0012309 -9.15274 -9.08367 98 
3.07638 0.000658214 -10.2902 -10.0627 99 
