0.065208 0.00354545 21.9036 3.24006 0 
0.0956239 0.00666528 10.3769 4.85199 1 
0.12604 0.0108607 8.02606 5.55207 2 
0.156456 0.0162103 6.58365 5.34031 3 
0.186872 0.0226052 5.46644 4.72411 4 
0.217288 0.0307532 5.06007 4.63271 5 
0.247704 0.0397512 4.21894 3.91029 6 
0.278119 0.0498945 3.73604 3.51917 7 
0.308535 0.0608056 3.25111 3.08676 8 
0.338951 0.0726247 2.91992 2.79538 9 
0.369367 0.0854843 2.67996 2.5836 10 
0.399783 0.0991772 2.44241 2.36682 11 
0.430199 0.113395 2.20223 2.14009 12 
0.460615 0.128553 2.06258 2.01261 13 
0.491031 0.144278 1.89704 1.85542 14 
0.521447 0.160572 1.75886 1.72408 15 
0.551863 0.177241 1.62368 1.59406 16 
0.582279 0.194459 1.52402 1.49895 17 
0.612695 0.211799 1.40418 1.38233 18 
0.643111 0.229876 1.34634 1.32791 19 
0.673526 0.248029 1.24945 1.23326 20 
0.703942 0.266651 1.19008 1.17616 21 
0.734358 0.285317 1.11225 1.09993 22 
0.764774 0.304128 1.04958 1.0388 23 
0.79519 0.322957 0.98748 0.977923 24 
0.825606 0.34206 0.944709 0.93637 25 
0.856022 0.360976 0.884807 0.877331 26 
0.886438 0.379704 0.831484 0.824813 27 
0.916854 0.398409 0.790497 0.784592 28 
0.94727 0.416983 0.749053 0.743815 29 
0.977686 0.435113 0.699653 0.694941 30 
1.0081 0.452933 0.659819 0.655615 31 
1.03852 0.470393 0.621781 0.618024 32 
1.06893 0.487233 0.578209 0.574823 33 
1.09935 0.503446 0.538116 0.535081 34 
1.12977 0.519041 0.501489 0.498785 35 
1.16018 0.533971 0.466175 0.463768 36 
1.1906 0.548394 0.438132 0.43604 37 
1.22101 0.561696 0.393989 0.392089 38 
1.25143 0.574059 0.357887 0.356201 39 
1.28185 0.585557 0.326 0.32454 40 
1.31226 0.596089 0.29304 0.29178 41 
1.34268 0.605691 0.262709 0.261646 42 
1.37309 0.614194 0.229149 0.228255 43 
1.40351 0.621376 0.191112 0.190362 44 
1.43392 0.62764 0.164885 0.164321 45 
1.46434 0.632835 0.135507 0.135113 46 
1.49476 0.636986 0.107497 0.107266 47 
1.52517 0.639921 0.0755525 0.0754744 48 
1.55559 0.641552 0.041846 0.0419056 49 
1.586 0.641823 0.00695273 0.00714252 50 
1.61642 0.640892 -0.0238807 -0.0235444 51 
1.64684 0.638498 -0.0615084 -0.06105 52 
1.67725 0.63497 -0.0910914 -0.0904715 53 
1.70767 0.629981 -0.129663 -0.128919 54 
1.73808 0.623951 -0.158111 -0.157189 55 
1.7685 0.616727 -0.191433 -0.190342 56 
1.79892 0.608554 -0.219313 -0.21802 57 
1.82933 0.599257 -0.253058 -0.251584 58 
1.85975 0.588737 -0.291149 -0.289496 59 
1.89016 0.577314 -0.322105 -0.320221 60 
1.92058 0.565037 -0.353332 -0.351194 61 
1.951 0.551688 -0.393046 -0.390691 62 
1.98141 0.537593 -0.425428 -0.422771 63 
2.01183 0.522727 -0.460999 -0.458046 64 
2.04224 0.507144 -0.497506 -0.494222 65 
2.07266 0.490816 -0.537959 -0.534312 66 
2.10308 0.473705 -0.583313 -0.579292 67 
2.13349 0.45604 -0.624776 -0.620326 68 
2.16391 0.437857 -0.66885 -0.663908 69 
2.19432 0.419322 -0.711018 -0.705489 70 
2.22474 0.400284 -0.763835 -0.757726 71 
2.25515 0.38099 -0.812089 -0.805262 72 
2.28557 0.361559 -0.860541 -0.852867 73 
2.31599 0.341888 -0.919633 -0.911042 74 
2.3464 0.321954 -0.987538 -0.977969 75 
2.37682 0.302215 -1.04007 -1.02917 76 
2.40723 0.282625 -1.10166 -1.08924 77 
2.43765 0.263262 -1.16674 -1.15251 78 
2.46807 0.244029 -1.24705 -1.23085 79 
2.49848 0.225202 -1.31988 -1.30111 80 
2.5289 0.206519 -1.42363 -1.40214 81 
2.55931 0.188166 -1.52997 -1.50505 82 
2.58973 0.170498 -1.62089 -1.59128 83 
2.62015 0.153349 -1.74264 -1.70758 84 
2.65056 0.136742 -1.88414 -1.84225 85 
2.68098 0.12064 -2.05958 -2.00951 86 
2.71139 0.105529 -2.19989 -2.13766 87 
2.74181 0.091285 -2.38363 -2.30597 88 
2.77223 0.0776893 -2.65106 -2.55416 89 
2.80264 0.0652411 -2.87067 -2.74314 90 
2.83306 0.0536257 -3.22302 -3.05786 91 
2.86347 0.0434354 -3.4645 -3.22905 92 
2.89389 0.0343262 -3.86913 -3.53072 93 
2.92431 0.0259299 -4.61126 -4.13537 94 
2.95472 0.0190297 -5.08611 -4.28382 95 
2.98514 0.0130283 -6.22822 -4.90679 96 
3.01555 0.00821101 -7.58896 -5.06248 97 
3.04597 0.00433869 -10.4863 -4.7203 98 
3.07638 0.00140471 -18.5386 -3.25152 99 
