0.065208 0.512296 -0.00658472 -0.203676 0 
0.0956239 0.511937 -0.011515 -0.123702 1 
0.12604 0.511463 -0.0152315 -0.120527 2 
0.156456 0.510871 -0.0190369 -0.12388 3 
0.186872 0.510162 -0.0228249 -0.12413 4 
0.217288 0.509336 -0.0266365 -0.124651 5 
0.247704 0.508394 -0.0304236 -0.125415 6 
0.278119 0.507336 -0.0342445 -0.125701 7 
0.308535 0.506163 -0.0380635 -0.125996 8 
0.338951 0.504874 -0.0418983 -0.126606 9 
0.369367 0.503471 -0.0457659 -0.126942 10 
0.399783 0.501953 -0.0496436 -0.127822 11 
0.430199 0.50032 -0.0535486 -0.128658 12 
0.460615 0.498574 -0.0574729 -0.129586 13 
0.491031 0.496714 -0.0614327 -0.130752 14 
0.521447 0.494742 -0.065404 -0.131368 15 
0.551863 0.492657 -0.0694378 -0.132441 16 
0.582279 0.490459 -0.073487 -0.133638 17 
0.612695 0.48815 -0.0775777 -0.135075 18 
0.643111 0.48573 -0.0817076 -0.136354 19 
0.673526 0.4832 -0.0858459 -0.137756 20 
0.703942 0.480559 -0.0900814 -0.139214 21 
0.734358 0.47781 -0.0943296 -0.140914 22 
0.764774 0.474951 -0.0986376 -0.142532 23 
0.79519 0.471984 -0.103006 -0.143875 24 
0.825606 0.46891 -0.107428 -0.146348 25 
0.856022 0.465729 -0.111912 -0.148388 26 
0.886438 0.462441 -0.11645 -0.150104 27 
0.916854 0.459048 -0.121053 -0.15203 28 
0.94727 0.455551 -0.125734 -0.154613 29 
0.977686 0.451949 -0.130461 -0.15767 30 
1.0081 0.448245 -0.135283 -0.159842 31 
1.03852 0.444439 -0.140208 -0.162626 32 
1.06893 0.440531 -0.145188 -0.166053 33 
1.09935 0.436521 -0.150286 -0.169171 34 
1.12977 0.432413 -0.155464 -0.172264 35 
1.16018 0.428205 -0.160745 -0.174906 36 
1.1906 0.4239 -0.166101 -0.178376 37 
1.22101 0.419498 -0.171614 -0.182028 38 
1.25143 0.414999 -0.177236 -0.185596 39 
1.28185 0.410407 -0.182935 -0.189992 40 
1.31226 0.405719 -0.188825 -0.194906 41 
1.34268 0.40094 -0.194813 -0.19974 42 
1.37309 0.396068 -0.200954 -0.204981 43 
1.40351 0.391106 -0.207242 -0.210033 44 
1.43392 0.386054 -0.213728 -0.215151 45 
1.46434 0.380914 -0.220361 -0.220882 46 
1.49476 0.375686 -0.22716 -0.226578 47 
1.52517 0.370373 -0.234151 -0.233394 48 
1.55559 0.364975 -0.24137 -0.241007 49 
1.586 0.359493 -0.248774 -0.247777 50 
1.61642 0.353929 -0.25643 -0.25553 51 
1.64684 0.348283 -0.264329 -0.264428 52 
1.67725 0.342558 -0.272483 -0.273241 53 
1.70767 0.336754 -0.280903 -0.281508 54 
1.73808 0.330873 -0.289623 -0.290962 55 
1.7685 0.324915 -0.298671 -0.302557 56 
1.79892 0.318884 -0.308034 -0.313827 57 
1.82933 0.312778 -0.317788 -0.325686 58 
1.85975 0.306602 -0.327876 -0.33882 59 
1.89016 0.300355 -0.338398 -0.352782 60 
1.92058 0.294039 -0.349347 -0.367756 61 
1.951 0.287657 -0.360761 -0.385209 62 
1.98141 0.281208 -0.372718 -0.403314 63 
2.01183 0.274694 -0.385248 -0.420313 64 
2.04224 0.268118 -0.398346 -0.44042 65 
2.07266 0.261479 -0.412142 -0.46371 66 
2.10308 0.254781 -0.426632 -0.486516 67 
2.13349 0.248024 -0.441842 -0.515697 68 
2.16391 0.24121 -0.457948 -0.54532 69 
2.19432 0.234342 -0.474867 -0.572723 70 
2.22474 0.22742 -0.492883 -0.612877 71 
2.25515 0.220445 -0.51206 -0.651863 72 
2.28557 0.213418 -0.532512 -0.693012 73 
2.31599 0.206341 -0.554389 -0.731381 74 
2.3464 0.19922 -0.577343 -0.786146 75 
2.37682 0.192055 -0.602104 -0.854443 76 
2.40723 0.184848 -0.628727 -0.910006 77 
2.43765 0.177602 -0.657412 -0.988664 78 
2.46807 0.170318 -0.688417 -1.06154 79 
2.49848 0.162992 -0.722676 -1.15233 80 
2.5289 0.155631 -0.759756 -1.27854 81 
2.55931 0.148235 -0.800346 -1.38885 82 
2.58973 0.140806 -0.845263 -1.54181 83 
2.62015 0.133345 -0.894897 -1.72566 84 
2.65056 0.125865 -0.949074 -1.9114 85 
2.68098 0.118356 -1.01114 -2.13644 86 
2.71139 0.110822 -1.08124 -2.4098 87 
2.74181 0.103273 -1.15977 -2.76267 88 
2.77223 0.0957061 -1.25087 -3.16483 89 
2.80264 0.088134 -1.35494 -3.71085 90 
2.83306 0.0805338 -1.48247 -4.41767 91 
2.86347 0.0729389 -1.62833 -5.29276 92 
2.89389 0.0653441 -1.80752 -6.42861 93 
2.92431 0.0577546 -2.02961 -8.0616 94 
2.95472 0.0501916 -2.30726 -10.6173 95 
2.98514 0.0426649 -2.67081 -13.9609 96 
3.01555 0.0352066 -3.15861 -18.3744 97 
3.04597 0.0278702 -3.84135 -27.2998 98 
3.07638 0.0204766 -5.06765 -54.0172 99 
