0.065208 1.08551 -0.0407265 -1.2043 0 
0.0956239 1.08086 -0.070535 -0.776921 1 
0.12604 1.0747 -0.0939006 -0.743593 2 
0.156456 1.06709 -0.116947 -0.759164 3 
0.186872 1.05803 -0.140087 -0.760953 4 
0.217288 1.04759 -0.163101 -0.761012 5 
0.247704 1.03578 -0.186356 -0.763398 6 
0.278119 1.02266 -0.209548 -0.767725 7 
0.308535 1.00827 -0.232904 -0.770988 8 
0.338951 0.992666 -0.256413 -0.775323 9 
0.369367 0.975902 -0.279974 -0.778664 10 
0.399783 0.95804 -0.30367 -0.780908 11 
0.430199 0.939139 -0.327565 -0.787463 12 
0.460615 0.919268 -0.351553 -0.793994 13 
0.491031 0.898496 -0.375709 -0.797746 14 
0.521447 0.876891 -0.400125 -0.802222 15 
0.551863 0.854533 -0.424575 -0.81155 16 
0.582279 0.83149 -0.449358 -0.819629 17 
0.612695 0.807842 -0.474306 -0.825956 18 
0.643111 0.783654 -0.499709 -0.833254 19 
0.673526 0.759014 -0.525191 -0.842946 20 
0.703942 0.733997 -0.550945 -0.851647 21 
0.734358 0.70868 -0.577021 -0.860138 22 
0.764774 0.683138 -0.60341 -0.874617 23 
0.79519 0.657448 -0.630123 -0.885092 24 
0.825606 0.631684 -0.657157 -0.89404 25 
0.856022 0.605922 -0.684489 -0.906415 26 
0.886438 0.580228 -0.712283 -0.920825 27 
0.916854 0.55467 -0.740538 -0.93386 28 
0.94727 0.529316 -0.769137 -0.94474 29 
0.977686 0.504228 -0.7982 -0.961723 30 
1.0081 0.479468 -0.827708 -0.98224 31 
1.03852 0.455089 -0.857864 -0.998462 32 
1.06893 0.43115 -0.888303 -1.01369 33 
1.09935 0.407694 -0.919557 -1.03187 34 
1.12977 0.384771 -0.951294 -1.05246 35 
1.16018 0.362422 -0.983668 -1.07373 36 
1.1906 0.340686 -1.01672 -1.09687 37 
1.22101 0.319598 -1.05038 -1.11986 38 
1.25143 0.299188 -1.08483 -1.14497 39 
1.28185 0.279484 -1.11989 -1.17182 40 
1.31226 0.260507 -1.15591 -1.19294 41 
1.34268 0.242275 -1.19274 -1.22441 42 
1.37309 0.224805 -1.2303 -1.25888 43 
1.40351 0.208103 -1.26904 -1.2847 44 
1.43392 0.192179 -1.30864 -1.32173 45 
1.46434 0.177034 -1.34936 -1.35969 46 
1.49476 0.16267 -1.39106 -1.39275 47 
1.52517 0.149079 -1.43421 -1.43348 48 
1.55559 0.136256 -1.47848 -1.478 49 
1.586 0.124189 -1.5244 -1.52486 50 
1.61642 0.112868 -1.57131 -1.57166 51 
1.64684 0.102277 -1.61982 -1.62711 52 
1.67725 0.0923965 -1.67009 -1.68137 53 
1.70767 0.083207 -1.72209 -1.73628 54 
1.73808 0.0746868 -1.77584 -1.79922 55 
1.7685 0.0668122 -1.83156 -1.87144 56 
1.79892 0.0595572 -1.88961 -1.93736 57 
1.82933 0.052896 -1.94982 -2.00772 58 
1.85975 0.0468006 -2.01262 -2.10476 59 
1.89016 0.0412443 -2.07759 -2.19555 60 
1.92058 0.0361971 -2.1458 -2.28777 61 
1.951 0.0316306 -2.21683 -2.39319 62 
1.98141 0.0275152 -2.29132 -2.50459 63 
2.01183 0.0238219 -2.36937 -2.62542 64 
2.04224 0.0205221 -2.45107 -2.75416 65 
2.07266 0.0175873 -2.53691 -2.89926 66 
2.10308 0.0149894 -2.62744 -3.05738 67 
2.13349 0.0127012 -2.72303 -3.21675 68 
2.16391 0.0106965 -2.82393 -3.40847 69 
2.19432 0.00894977 -2.9308 -3.61397 70 
2.22474 0.00743691 -3.04401 -3.84197 71 
2.25515 0.0061347 -3.16436 -4.10401 72 
2.28557 0.00502099 -3.29324 -4.37564 73 
2.31599 0.00407532 -3.43039 -4.68267 74 
2.3464 0.00327827 -3.57763 -5.03304 75 
2.37682 0.0026118 -3.73617 -5.41311 76 
2.40723 0.0020593 -3.90702 -5.85016 77 
2.43765 0.00160557 -4.09142 -6.3443 78 
2.46807 0.00123659 -4.29254 -6.8919 79 
2.49848 0.000939771 -4.51202 -7.54841 80 
2.5289 0.000703778 -4.75364 -8.28581 81 
2.55931 0.000518649 -5.01769 -9.128 82 
2.58973 0.000375465 -5.31074 -10.1427 83 
2.62015 0.000266479 -5.63639 -11.3649 84 
2.65056 0.000184952 -6.00336 -12.7646 85 
2.68098 0.000125165 -6.41875 -14.5296 86 
2.71139 8.22997e-05 -6.89222 -16.6294 87 
2.74181 5.23666e-05 -7.43193 -19.3293 88 
2.77223 3.20664e-05 -8.06254 -22.8964 89 
2.80264 1.87683e-05 -8.80525 -26.962 90 
2.83306 1.0407e-05 -9.69382 -32.1722 91 
2.86347 5.3981e-06 -10.7909 -39.424 92 
2.89389 2.57973e-06 -12.1378 -51.3532 93 
2.92431 1.1093e-06 -13.8736 -67.9364 94 
2.95472 4.1184e-07 -16.2883 -89.8937 95 
2.98514 1.25139e-07 -19.582 -125.285 96 
3.01555 2.7955e-08 -24.6389 -191.06 97 
3.04597 3.74745e-09 -33.034 -385.953 98 
3.07638 1.39538e-10 -54.0917 -1098.46 99 
