0.065208 0.895704 -0.0271097 -0.8221 0 
0.0956239 0.89314 -0.0471185 -0.507928 1 
0.12604 0.889755 -0.062421 -0.490542 2 
0.156456 0.885551 -0.0778668 -0.507755 3 
0.186872 0.880538 -0.0933197 -0.508133 4 
0.217288 0.874736 -0.108678 -0.505619 5 
0.247704 0.868154 -0.124157 -0.509791 6 
0.278119 0.860808 -0.139682 -0.51183 7 
0.308535 0.852715 -0.155281 -0.513598 8 
0.338951 0.843897 -0.170891 -0.516157 9 
0.369367 0.83437 -0.186638 -0.51735 10 
0.399783 0.824157 -0.202449 -0.521727 11 
0.430199 0.813281 -0.218385 -0.526451 12 
0.460615 0.801763 -0.234472 -0.528234 13 
0.491031 0.789637 -0.250532 -0.531905 14 
0.521447 0.776926 -0.266762 -0.537117 15 
0.551863 0.763657 -0.283174 -0.541393 16 
0.582279 0.749863 -0.299663 -0.546117 17 
0.612695 0.735569 -0.316379 -0.551474 18 
0.643111 0.720809 -0.333217 -0.556873 19 
0.673526 0.705615 -0.350224 -0.562906 20 
0.703942 0.690018 -0.36743 -0.569411 21 
0.734358 0.674052 -0.384837 -0.575507 22 
0.764774 0.657749 -0.402482 -0.580543 23 
0.79519 0.641149 -0.42021 -0.588576 24 
0.825606 0.624279 -0.438328 -0.598081 25 
0.856022 0.607177 -0.456625 -0.604607 26 
0.886438 0.589878 -0.475158 -0.613949 27 
0.916854 0.572417 -0.493945 -0.623383 28 
0.94727 0.554827 -0.513064 -0.631521 29 
0.977686 0.537147 -0.532384 -0.640776 30 
1.0081 0.519406 -0.552103 -0.65278 31 
1.03852 0.501639 -0.572142 -0.663722 32 
1.06893 0.48388 -0.592508 -0.676812 33 
1.09935 0.466162 -0.613238 -0.689933 34 
1.12977 0.448514 -0.634413 -0.701549 35 
1.16018 0.430969 -0.655989 -0.71829 36 
1.1906 0.413557 -0.677953 -0.731044 37 
1.22101 0.396307 -0.700393 -0.74336 38 
1.25143 0.379247 -0.723318 -0.7606 39 
1.28185 0.362404 -0.746791 -0.779746 40 
1.31226 0.345805 -0.770698 -0.800296 41 
1.34268 0.329474 -0.795308 -0.818505 42 
1.37309 0.313432 -0.820494 -0.836707 43 
1.40351 0.297705 -0.846262 -0.85837 44 
1.43392 0.282312 -0.872785 -0.881032 45 
1.46434 0.267271 -0.899967 -0.904118 46 
1.49476 0.252603 -0.927899 -0.930625 47 
1.52517 0.238322 -0.956636 -0.959587 48 
1.55559 0.224445 -0.986223 -0.984812 49 
1.586 0.210984 -1.01671 -1.01702 50 
1.61642 0.197951 -1.04815 -1.0505 51 
1.64684 0.185358 -1.08055 -1.08074 52 
1.67725 0.173213 -1.11406 -1.12122 53 
1.70767 0.161524 -1.14853 -1.1632 54 
1.73808 0.150295 -1.18444 -1.20112 55 
1.7685 0.139531 -1.22164 -1.24965 56 
1.79892 0.129234 -1.26025 -1.2973 57 
1.82933 0.119405 -1.30037 -1.3418 58 
1.85975 0.110043 -1.34223 -1.39788 59 
1.89016 0.101147 -1.38569 -1.4631 60 
1.92058 0.0927142 -1.43102 -1.5272 61 
1.951 0.0847388 -1.47863 -1.59277 62 
1.98141 0.0772161 -1.52826 -1.67065 63 
2.01183 0.0701397 -1.58006 -1.7467 64 
2.04224 0.0635015 -1.63443 -1.83857 65 
2.07266 0.0572915 -1.69175 -1.93653 66 
2.10308 0.0514992 -1.75213 -2.03666 67 
2.13349 0.0461134 -1.81586 -2.1466 68 
2.16391 0.0411219 -1.8833 -2.27365 69 
2.19432 0.0365121 -1.95449 -2.41595 70 
2.22474 0.0322704 -2.03008 -2.55851 71 
2.25515 0.0283824 -2.11044 -2.72713 72 
2.28557 0.0248329 -2.1962 -2.92158 73 
2.31599 0.0216059 -2.28837 -3.12013 74 
2.3464 0.0186862 -2.38658 -3.33869 75 
2.37682 0.0160577 -2.49207 -3.6018 76 
2.40723 0.013704 -2.6056 -3.88818 77 
2.43765 0.0116079 -2.72882 -4.22085 78 
2.46807 0.00975282 -2.86247 -4.57177 79 
2.49848 0.00812172 -3.00854 -5.06084 80 
2.5289 0.00669796 -3.16837 -5.55904 81 
2.55931 0.00546499 -3.34432 -6.07682 82 
2.58973 0.00440599 -3.54085 -6.79281 83 
2.62015 0.00350533 -3.75924 -7.53981 84 
2.65056 0.00274772 -4.00304 -8.5084 85 
2.68098 0.00211744 -4.28332 -9.72372 86 
2.71139 0.00160078 -4.59824 -11.0905 87 
2.74181 0.00118387 -4.9596 -12.9274 88 
2.77223 0.000853381 -5.38101 -15.1451 89 
2.80264 0.00059689 -5.87642 -18.0146 90 
2.83306 0.000402788 -6.46575 -21.3886 91 
2.86347 0.000260205 -7.18274 -26.0224 92 
2.89389 0.000159085 -8.08841 -33.1927 93 
2.92431 9.07046e-05 -9.23578 -43.7533 94 
2.95472 4.71575e-05 -10.7528 -57.9393 95 
2.98514 2.14904e-05 -12.919 -84.7398 96 
3.01555 8.13676e-06 -15.9655 -123.354 97 
3.04597 2.24497e-06 -21.1682 -202.314 98 
3.07638 3.08515e-07 -32.6256 -537.317 99 
