0.065208 1.25082 -0.0538 -1.67231 0 
0.0956239 1.2437 -0.0938558 -1.00161 1 
0.12604 1.23431 -0.124616 -0.985097 2 
0.156456 1.2227 -0.155416 -1.01628 3 
0.186872 1.20892 -0.186332 -1.01587 4 
0.217288 1.19305 -0.217179 -1.01825 5 
0.247704 1.17518 -0.248148 -1.02021 6 
0.278119 1.15539 -0.279122 -1.0234 7 
0.308535 1.13379 -0.310258 -1.02811 8 
0.338951 1.11047 -0.341616 -1.03133 9 
0.369367 1.08555 -0.373045 -1.03796 10 
0.399783 1.05915 -0.40473 -1.04503 11 
0.430199 1.03139 -0.436592 -1.04813 12 
0.460615 1.00241 -0.468587 -1.05389 13 
0.491031 0.972328 -0.500856 -1.06394 14 
0.521447 0.941281 -0.53346 -1.07323 15 
0.551863 0.909415 -0.566151 -1.08181 16 
0.582279 0.876868 -0.599118 -1.09103 17 
0.612695 0.84377 -0.632509 -1.10238 18 
0.643111 0.810261 -0.666142 -1.11227 19 
0.673526 0.776476 -0.700153 -1.12201 20 
0.703942 0.742544 -0.734541 -1.13698 21 
0.734358 0.708596 -0.769264 -1.15232 22 
0.764774 0.674755 -0.804445 -1.16415 23 
0.79519 0.64114 -0.840067 -1.1778 24 
0.825606 0.607867 -0.876051 -1.19398 25 
0.856022 0.575032 -0.912842 -1.21154 26 
0.886438 0.542745 -0.949924 -1.22558 27 
0.916854 0.511102 -0.987474 -1.24001 28 
0.94727 0.48019 -1.0256 -1.26339 29 
0.977686 0.450084 -1.06437 -1.28558 30 
1.0081 0.420853 -1.10385 -1.30373 31 
1.03852 0.392565 -1.14386 -1.32737 32 
1.06893 0.365273 -1.1845 -1.35094 33 
1.09935 0.339021 -1.22605 -1.37531 34 
1.12977 0.313849 -1.26825 -1.40173 35 
1.16018 0.289788 -1.31125 -1.42765 36 
1.1906 0.266858 -1.35505 -1.45853 37 
1.22101 0.245074 -1.39988 -1.49271 38 
1.25143 0.224442 -1.4457 -1.52536 39 
1.28185 0.204961 -1.49255 -1.556 40 
1.31226 0.186628 -1.54038 -1.5936 41 
1.34268 0.169429 -1.58938 -1.63864 42 
1.37309 0.153345 -1.63961 -1.67483 43 
1.40351 0.138354 -1.69114 -1.71272 44 
1.43392 0.124426 -1.74416 -1.76195 45 
1.46434 0.111531 -1.79856 -1.81193 46 
1.49476 0.0996337 -1.85437 -1.86679 47 
1.52517 0.0886942 -1.91193 -1.91504 48 
1.55559 0.0786715 -1.97122 -1.96747 49 
1.586 0.0695249 -2.03177 -2.0365 50 
1.61642 0.0612058 -2.09499 -2.10261 51 
1.64684 0.0536705 -2.1597 -2.16302 52 
1.67725 0.0468712 -2.22681 -2.2358 53 
1.70767 0.0407609 -2.29618 -2.32315 54 
1.73808 0.0352929 -2.36785 -2.40174 55 
1.7685 0.0304207 -2.44214 -2.49154 56 
1.79892 0.0260981 -2.51937 -2.59117 57 
1.82933 0.0222801 -2.60013 -2.6925 58 
1.85975 0.0189243 -2.68358 -2.80664 59 
1.89016 0.0159891 -2.77054 -2.92149 60 
1.92058 0.0134351 -2.86096 -3.05169 61 
1.951 0.0112241 -2.95576 -3.19341 62 
1.98141 0.00932046 -3.05523 -3.34394 63 
2.01183 0.00769103 -3.15882 -3.4942 64 
2.04224 0.00630429 -3.26842 -3.65647 65 
2.07266 0.0051318 -3.38268 -3.85824 66 
2.10308 0.00414682 -3.50333 -4.0718 67 
2.13349 0.00332508 -3.63048 -4.30029 68 
2.16391 0.00264445 -3.76495 -4.55242 69 
2.19432 0.00208505 -3.90704 -4.8167 70 
2.22474 0.00162895 -4.05804 -5.10937 71 
2.25515 0.00126023 -4.21889 -5.4566 72 
2.28557 0.000964871 -4.39 -5.81364 73 
2.31599 0.000730539 -4.57345 -6.2276 74 
2.3464 0.000546551 -4.7698 -6.686 75 
2.37682 0.000403667 -4.98154 -7.20398 76 
2.40723 0.000294043 -5.2089 -7.81875 77 
2.43765 0.000210985 -5.45661 -8.47039 78 
2.46807 0.000148942 -5.72446 -9.22414 79 
2.49848 0.000103289 -6.01705 -10.0583 80 
2.5289 7.02483e-05 -6.33705 -11.0452 81 
2.55931 4.67564e-05 -6.69198 -12.2597 82 
2.58973 3.03911e-05 -7.08183 -13.5964 83 
2.62015 1.92332e-05 -7.52097 -15.1656 84 
2.65056 1.18152e-05 -8.00984 -17.1614 85 
2.68098 7.01856e-06 -8.56171 -19.4565 86 
2.71139 4.01148e-06 -9.19581 -22.169 87 
2.74181 2.19233e-06 -9.93224 -25.4282 88 
2.77223 1.13823e-06 -10.7755 -29.738 89 
2.80264 5.56025e-07 -11.777 -35.7613 90 
2.83306 2.52498e-07 -12.9769 -43.2387 91 
2.86347 1.04965e-07 -14.4295 -53.0633 92 
2.89389 3.90213e-08 -16.2665 -67.697 93 
2.92431 1.25428e-08 -18.6573 -89.806 94 
2.95472 3.32635e-09 -21.8187 -121.44 95 
2.98514 6.7448e-10 -26.2311 -176.334 96 
3.01555 9.04212e-11 -33.0331 -269.088 97 
3.04597 5.51574e-12 -45.9771 -552.195 98 
3.07638 4.71475e-14 -78.2827 -1753.07 99 
