0.065208 0.74774 -0.0179925 -0.550141 0 
0.0956239 0.746315 -0.0313639 -0.331301 1 
0.12604 0.744431 -0.0415399 -0.332926 2 
0.156456 0.742086 -0.0518727 -0.341481 3 
0.186872 0.739284 -0.0621861 -0.338662 4 
0.217288 0.73603 -0.0725085 -0.33945 5 
0.247704 0.73233 -0.0828468 -0.340697 6 
0.278119 0.728191 -0.0931737 -0.341807 7 
0.308535 0.723618 -0.103556 -0.343793 8 
0.338951 0.718616 -0.114037 -0.344898 9 
0.369367 0.713191 -0.12456 -0.345691 10 
0.399783 0.707354 -0.135096 -0.348268 11 
0.430199 0.701112 -0.145707 -0.349711 12 
0.460615 0.694474 -0.156377 -0.351642 13 
0.491031 0.687449 -0.167152 -0.355441 14 
0.521447 0.680045 -0.178005 -0.358246 15 
0.551863 0.672272 -0.188982 -0.361104 16 
0.582279 0.664142 -0.199999 -0.363249 17 
0.612695 0.655667 -0.211123 -0.367796 18 
0.643111 0.646859 -0.222324 -0.37243 19 
0.673526 0.63773 -0.233662 -0.374688 20 
0.703942 0.62829 -0.245144 -0.379384 21 
0.734358 0.618553 -0.256755 -0.383337 22 
0.764774 0.608533 -0.268492 -0.387585 23 
0.79519 0.598241 -0.280388 -0.393011 24 
0.825606 0.587694 -0.292417 -0.397834 25 
0.856022 0.576903 -0.304627 -0.403447 26 
0.886438 0.565886 -0.316966 -0.409848 27 
0.916854 0.554656 -0.329511 -0.416002 28 
0.94727 0.543228 -0.342229 -0.423414 29 
0.977686 0.531619 -0.355126 -0.429732 30 
1.0081 0.519842 -0.368261 -0.435861 31 
1.03852 0.507913 -0.381617 -0.442908 32 
1.06893 0.495847 -0.395242 -0.450532 33 
1.09935 0.483661 -0.40905 -0.459246 34 
1.12977 0.471369 -0.423161 -0.467045 35 
1.16018 0.458989 -0.437547 -0.477102 36 
1.1906 0.446535 -0.452186 -0.486608 37 
1.22101 0.434024 -0.467176 -0.496203 38 
1.25143 0.421471 -0.482428 -0.508427 39 
1.28185 0.408893 -0.498062 -0.51951 40 
1.31226 0.396305 -0.514048 -0.530562 41 
1.34268 0.383722 -0.530384 -0.543162 42 
1.37309 0.37116 -0.547182 -0.556937 43 
1.40351 0.358633 -0.564384 -0.572033 44 
1.43392 0.346158 -0.582037 -0.58929 45 
1.46434 0.333747 -0.600174 -0.607081 46 
1.49476 0.321418 -0.618804 -0.623278 47 
1.52517 0.309182 -0.637989 -0.63781 48 
1.55559 0.297055 -0.657768 -0.65724 49 
1.586 0.28505 -0.678143 -0.677476 50 
1.61642 0.273181 -0.699164 -0.700499 51 
1.64684 0.261462 -0.720734 -0.723461 52 
1.67725 0.249905 -0.743163 -0.748555 53 
1.70767 0.238523 -0.766308 -0.77626 54 
1.73808 0.227328 -0.790271 -0.803303 55 
1.7685 0.216331 -0.815076 -0.831783 56 
1.79892 0.205544 -0.840838 -0.864401 57 
1.82933 0.194975 -0.86776 -0.899789 58 
1.85975 0.184638 -0.895551 -0.935343 59 
1.89016 0.174537 -0.924785 -0.977282 60 
1.92058 0.164686 -0.955072 -1.01739 61 
1.951 0.155091 -0.986758 -1.06575 62 
1.98141 0.145761 -1.01993 -1.12087 63 
2.01183 0.136702 -1.05483 -1.17154 64 
2.04224 0.127922 -1.09122 -1.22555 65 
2.07266 0.119427 -1.12964 -1.28768 66 
2.10308 0.111223 -1.16981 -1.35379 67 
2.13349 0.103316 -1.21238 -1.4342 68 
2.16391 0.0957084 -1.25731 -1.51538 69 
2.19432 0.0884063 -1.30463 -1.60697 70 
2.22474 0.0814097 -1.35536 -1.71223 71 
2.25515 0.0747239 -1.40871 -1.8261 72 
2.28557 0.0683477 -1.4662 -1.94723 73 
2.31599 0.062283 -1.52747 -2.07416 74 
2.3464 0.0565303 -1.5931 -2.23246 75 
2.37682 0.0510884 -1.66392 -2.40482 76 
2.40723 0.0459573 -1.73998 -2.60459 77 
2.43765 0.0411355 -1.82207 -2.82202 78 
2.46807 0.0366206 -1.91118 -3.07057 79 
2.49848 0.0324083 -2.00879 -3.36864 80 
2.5289 0.0284944 -2.11579 -3.7049 81 
2.55931 0.024875 -2.23312 -4.06044 82 
2.58973 0.0215429 -2.36412 -4.51336 83 
2.62015 0.0184906 -2.51164 -5.04414 84 
2.65056 0.015714 -2.67471 -5.6757 85 
2.68098 0.0132052 -2.85934 -6.47934 86 
2.71139 0.0109572 -3.0678 -7.37372 87 
2.74181 0.00895734 -3.31274 -8.55021 88 
2.77223 0.00719769 -3.59538 -10.0911 89 
2.80264 0.0056699 -3.9221 -12.1138 90 
2.83306 0.00435812 -4.32553 -14.2042 91 
2.86347 0.00325194 -4.8131 -17.1782 92 
2.89389 0.00233946 -5.41381 -22.1066 93 
2.92431 0.00160631 -6.18062 -28.5471 94 
2.95472 0.00103739 -7.18761 -37.8167 95 
2.98514 0.000615411 -8.5838 -53.173 96 
3.01555 0.00032444 -10.524 -75.0925 97 
3.04597 0.000142033 -13.5791 -122.284 98 
3.07638 4.2747e-05 -19.739 -293.657 99 
