-5.94 4.10656e-07 1.37665 0.0641027 0 
-5.82 5.71734e-07 1.37882 -0.00900439 1 
-5.7 7.9583e-07 1.37797 -0.0119236 2 
-5.58 1.10722e-06 1.37592 0.00136215 3 
-5.46 1.54045e-06 1.37592 -0.00211739 4 
-5.34 2.14363e-06 1.37678 -0.00751848 5 
-5.22 2.98204e-06 1.37546 -0.00711507 6 
-5.1 4.14795e-06 1.37503 -0.00209216 7 
-4.98 5.76857e-06 1.37421 2.67617e-05 8 
-4.86 8.02707e-06 1.37665 0.00121188 9 
-4.74 1.11655e-05 1.37505 -0.00825277 10 
-4.62 1.55218e-05 1.37255 -0.00573952 11 
-4.5 2.15966e-05 1.37622 0.0201728 12 
-4.38 3.00468e-05 1.37591 0.00449912 13 
-4.26 4.17849e-05 1.37408 -0.0198688 14 
-4.14 5.80957e-05 1.37315 -0.0106106 15 
-4.02 8.07643e-05 1.37268 0.0013319 16 
-3.9 0.0001123 1.37349 0.00749021 17 
-3.78 0.000156184 1.37443 -0.0108422 18 
-3.66 0.000217033 1.37089 -0.00613766 19 
-3.54 0.00030177 1.3734 -0.00467092 20 
-3.42 0.000419462 1.37211 -0.00475901 21 
-3.3 0.000582999 1.37173 0.00457197 22 
-3.18 0.000810333 1.37191 0.00158779 23 
-3.06 0.00112589 1.37035 -0.0224206 24 
-2.94 0.00156285 1.3664 -0.0345878 25 
-2.82 0.00216818 1.36408 -0.0310944 26 
-2.7 0.00300466 1.35947 -0.0258664 27 
-2.58 0.00416379 1.35942 -0.0247396 28 
-2.46 0.00576084 1.35274 -0.0461218 29 
-2.34 0.00796053 1.34755 -0.077208 30 
-2.22 0.0109707 1.33637 -0.0710495 31 
-2.1 0.0150888 1.32803 -0.0928008 32 
-1.98 0.0206682 1.31102 -0.134882 33 
-1.86 0.0282164 1.29711 -0.103441 34 
-1.74 0.0384047 1.28448 -0.179354 35 
-1.62 0.0519321 1.25732 -0.228742 36 
-1.5 0.0696997 1.22608 -0.263476 37 
-1.38 0.0928056 1.19296 -0.335348 38 
-1.26 0.122237 1.14772 -0.42098 39 
-1.14 0.158732 1.08857 -0.498039 40 
-1.02 0.203019 1.02534 -0.573215 41 
-0.9 0.255011 0.950038 -0.65202 42 
-0.78 0.314088 0.868194 -0.754716 43 
-0.66 0.377567 0.766977 -0.954791 44 
-0.54 0.440823 0.645393 -0.999735 45 
-0.42 0.499915 0.524144 -1.11161 46 
-0.3 0.547595 0.379576 -1.20999 47 
-0.18 0.579598 0.236662 -1.21296 48 
-0.06 0.591342 0.0835825 -1.31253 49 
0.06 0.580505 -0.0770669 -1.32545 50 
0.18 0.549491 -0.228772 -1.23085 51 
0.3 0.50286 -0.369505 -1.20182 52 
0.42 0.444123 -0.517538 -1.14898 53 
0.54 0.380575 -0.643415 -1.02231 54 
0.66 0.317022 -0.761302 -0.8834 55 
0.78 0.258093 -0.856876 -0.767902 56 
0.9 0.205648 -0.946473 -0.687552 57 
1.02 0.160973 -1.02053 -0.587189 58 
1.14 0.123958 -1.08874 -0.513378 59 
1.26 0.0942417 -1.142 -0.399331 60 
1.38 0.0709492 -1.18291 -0.326294 61 
1.5 0.0529191 -1.22166 -0.265621 62 
1.62 0.0392158 -1.24869 -0.190351 63 
1.74 0.0289082 -1.27065 -0.194388 64 
1.86 0.0211875 -1.29465 -0.173347 65 
1.98 0.0154773 -1.30847 -0.105749 66 
2.1 0.0112719 -1.3211 -0.101413 67 
2.22 0.00818437 -1.33369 -0.0659506 68 
2.34 0.00593629 -1.33809 -0.040018 69 
2.46 0.00429783 -1.34573 -0.053984 70 
2.58 0.00310768 -1.35097 -0.0441349 71 
2.7 0.0022444 -1.35599 -0.0288716 72 
2.82 0.00161987 -1.35874 -0.0267268 73 
2.94 0.00116809 -1.36238 -0.013535 74 
3.06 0.000842054 -1.36368 -0.0111606 75 
3.18 0.000606837 -1.36493 -0.0331044 76 
3.3 0.000436973 -1.36829 -0.0102511 77 
3.42 0.000314658 -1.36827 0.0137704 78 
3.54 0.000226735 -1.36542 0.00676698 79 
3.66 0.000163335 -1.36657 -0.0158868 80 
3.78 0.000117599 -1.36884 -0.00718368 81 
3.9 8.47143e-05 -1.36667 0.023461 82 
4.02 6.10406e-05 -1.3656 0.00614552 83 
4.14 4.39606e-05 -1.36769 -0.0210314 84 
4.26 3.16396e-05 -1.37035 -0.0351032 85 
4.38 2.27525e-05 -1.3739 0.013676 86 
4.5 1.63845e-05 -1.36807 0.0256775 87 
4.62 1.17976e-05 -1.3685 -0.0113906 88 
4.74 8.4907e-06 -1.37052 -0.00401976 89 
4.86 6.11023e-06 -1.37087 -0.00459337 90 
4.98 4.39798e-06 -1.37008 0.00447217 91 
5.1 3.16447e-06 -1.37149 -0.00640744 92 
5.22 2.27653e-06 -1.37223 -0.0186214 93 
5.34 1.63748e-06 -1.37288 0.00236399 94 
5.46 1.17845e-06 -1.37067 0.00863091 95 
5.58 8.48201e-07 -1.37015 0.00710318 96 
5.7 6.10611e-07 -1.3694 -0.00406269 97 
5.82 4.39458e-07 -1.37049 -0.063024 98 
5.94 3.16384e-07 -1.3691 0.0832905 99 
