-5.97 4.04164e-07 1.35751 0.0150601 0 
-5.91 4.75708e-07 1.35821 -0.00407215 1 
-5.85 5.59862e-07 1.35738 -0.00166496 2 
-5.79 6.58949e-07 1.35796 0.003573 3 
-5.73 7.75559e-07 1.35781 -0.00111422 4 
-5.67 9.12773e-07 1.35752 -0.0125087 5 
-5.61 1.07415e-06 1.35665 -0.0107828 6 
-5.55 1.264e-06 1.35629 0.000131018 7 
-5.49 1.48732e-06 1.35578 0.0129207 8 
-5.43 1.75034e-06 1.35693 -0.00185492 9 
-5.37 2.05968e-06 1.35616 -0.00355085 10 
-5.31 2.42392e-06 1.35697 0.00317885 11 
-5.25 2.85233e-06 1.35624 -0.008107 12 
-5.19 3.35671e-06 1.3569 0.00447216 13 
-5.13 3.95045e-06 1.35723 -0.00516236 14 
-5.07 4.649e-06 1.35685 -0.00847577 15 
-5.01 5.47109e-06 1.35687 0.0115832 16 
-4.95 6.43903e-06 1.35751 -0.00487073 17 
-4.89 7.57723e-06 1.35641 -0.00684028 18 
-4.83 8.91645e-06 1.35625 0.0069043 19 
-4.77 1.04921e-05 1.35606 -0.00296566 20 
-4.71 1.23458e-05 1.35578 0.00432895 21 
-4.65 1.45281e-05 1.35636 -0.00485991 22 
-4.59 1.70945e-05 1.35565 -0.0114424 23 
-4.53 2.01161e-05 1.35633 0.0060608 24 
-4.47 2.36718e-05 1.35637 -0.0119302 25 
-4.41 2.78538e-05 1.35572 -0.00826004 26 
-4.35 3.27743e-05 1.35562 -0.00123632 27 
-4.29 3.85641e-05 1.35565 -0.020428 28 
-4.23 4.53658e-05 1.35364 -0.00234848 29 
-4.17 5.33721e-05 1.3544 0.0157038 30 
-4.11 6.27891e-05 1.35411 0.00557126 31 
-4.05 7.38716e-05 1.35456 -0.0231665 32 
-3.99 8.68903e-05 1.35265 -0.00758741 33 
-3.93 0.000102214 1.35349 0.0145601 34 
-3.87 0.00012023 1.35287 0.00516083 35 
-3.81 0.000141431 1.35333 -0.0115911 36 
-3.75 0.000166344 1.35207 -0.0164628 37 
-3.69 0.000195625 1.35119 0.00825883 38 
-3.63 0.000230093 1.35236 0.00736538 39 
-3.57 0.000270615 1.35177 -0.00490285 40 
-3.51 0.000318255 1.35131 -0.0162037 41 
-3.45 0.000374249 1.35057 -0.00400341 42 
-3.39 0.000440064 1.34999 -0.015471 43 
-3.33 0.000517311 1.34771 -0.00792578 44 
-3.27 0.000608275 1.34986 0.0078262 45 
-3.21 0.000715136 1.34872 -0.0189155 46 
-3.15 0.000840659 1.3476 -0.00433124 47 
-3.09 0.000988233 1.34778 -0.007098 48 
-3.03 0.00116165 1.34729 -0.0235055 49 
-2.97 0.00136527 1.34597 -0.0280783 50 
-2.91 0.00160414 1.34358 -0.0260586 51 
-2.85 0.0018847 1.3432 -0.0175915 52 
-2.79 0.00221389 1.34152 -0.026956 53 
-2.73 0.00260064 1.34174 -0.0328671 54 
-2.67 0.00305413 1.33945 -0.0321984 55 
-2.61 0.00358554 1.3368 -0.0323232 56 
-2.55 0.00420885 1.33568 -0.0226959 57 
-2.49 0.00494005 1.33487 -0.0302324 58 
-2.43 0.00579672 1.33264 -0.0327146 59 
-2.37 0.00680034 1.33067 -0.0481358 60 
-2.31 0.00797418 1.32698 -0.0621243 61 
-2.25 0.00934686 1.3236 -0.0818707 62 
-2.19 0.0109486 1.31808 -0.0630542 63 
-2.13 0.0128218 1.3161 -0.0584938 64 
-2.07 0.015005 1.31035 -0.0711352 65 
-2.01 0.0175534 1.30718 -0.0717005 66 
-1.95 0.0205187 1.30076 -0.12492 67 
-1.89 0.0239623 1.29288 -0.0979188 68 
-1.83 0.0279657 1.28747 -0.125383 69 
-1.77 0.0325954 1.27661 -0.179155 70 
-1.71 0.0379512 1.26774 -0.162972 71 
-1.65 0.0441406 1.25899 -0.172467 72 
-1.59 0.0512641 1.24675 -0.163626 73 
-1.53 0.0594622 1.23626 -0.260621 74 
-1.47 0.0688114 1.2169 -0.287644 75 
-1.41 0.0795008 1.20332 -0.261391 76 
-1.35 0.0916378 1.18397 -0.348139 77 
-1.29 0.105342 1.16143 -0.36377 78 
-1.23 0.120785 1.13999 -0.394769 79 
-1.17 0.13805 1.11337 -0.43902 80 
-1.11 0.157288 1.08717 -0.453688 81 
-1.05 0.178601 1.05895 -0.50693 82 
-0.99 0.201986 1.02537 -0.604521 83 
-0.93 0.227371 0.986551 -0.647321 84 
-0.87 0.254754 0.947616 -0.681977 85 
-0.81 0.28393 0.90359 -0.766726 86 
-0.75 0.314689 0.85714 -0.818378 87 
-0.69 0.346615 0.805242 -0.890177 88 
-0.63 0.379234 0.749494 -0.937507 89 
-0.57 0.412086 0.692321 -0.99761 90 
-0.51 0.444469 0.630413 -1.06185 91 
-0.45 0.475722 0.566271 -1.06292 92 
-0.39 0.50512 0.499683 -1.15883 93 
-0.33 0.531489 0.424062 -1.25747 94 
-0.27 0.554368 0.351204 -1.21706 95 
-0.21 0.57319 0.278246 -1.29144 96 
-0.15 0.58689 0.196831 -1.32117 97 
-0.09 0.595518 0.121627 -1.33302 98 
-0.03 0.598315 0.0390438 -1.39856 99 
0.03 0.595347 -0.041439 -1.32056 100 
0.09 0.586844 -0.119889 -1.31001 101 
0.15 0.572923 -0.200053 -1.29791 102 
0.21 0.55437 -0.274336 -1.29721 103 
0.27 0.531337 -0.353634 -1.295 104 
0.33 0.504683 -0.428882 -1.23199 105 
0.39 0.475272 -0.500358 -1.16428 106 
0.45 0.443957 -0.567997 -1.09115 107 
0.51 0.411493 -0.632795 -1.07601 108 
0.57 0.378507 -0.696315 -1.01694 109 
0.63 0.345735 -0.754672 -0.962694 110 
0.69 0.313619 -0.812462 -0.897287 111 
0.75 0.28275 -0.863447 -0.824874 112 
0.81 0.253421 -0.912614 -0.771786 113 
0.87 0.22597 -0.955406 -0.651121 114 
0.93 0.200647 -0.990464 -0.577878 115 
0.99 0.177429 -1.02482 -0.577516 116 
1.05 0.156241 -1.05974 -0.550714 117 
1.11 0.137082 -1.09014 -0.459564 118 
1.17 0.119895 -1.11639 -0.420984 119 
1.23 0.104532 -1.1427 -0.424855 120 
1.29 0.0908775 -1.1665 -0.37289 121 
1.35 0.0788139 -1.18686 -0.301319 122 
1.41 0.068213 -1.20378 -0.280338 123 
1.47 0.0589244 -1.21984 -0.262291 124 
1.53 0.0508121 -1.23434 -0.213154 125 
1.59 0.0437544 -1.24617 -0.211987 126 
1.65 0.037619 -1.25903 -0.199662 127 
1.71 0.0323026 -1.26968 -0.159825 128 
1.77 0.0277056 -1.2793 -0.12427 129 
1.83 0.023744 -1.28587 -0.120407 130 
1.89 0.0203292 -1.29392 -0.12526 131 
1.95 0.0173922 -1.30032 -0.117843 132 
2.01 0.0148675 -1.307 -0.0738379 133 
2.07 0.0127064 -1.30896 -0.0443974 134 
2.13 0.0108533 -1.31363 -0.0884517 135 
2.19 0.00926518 -1.31838 -0.0624439 136 
2.25 0.0079069 -1.32106 -0.0518278 137 
2.31 0.00674515 -1.32427 -0.0653114 138 
2.37 0.00575209 -1.32717 -0.05147 139 
2.43 0.00490328 -1.33049 -0.0498734 140 
2.49 0.00417789 -1.33415 -0.0645761 141 
2.55 0.00355784 -1.33877 -0.0501846 142 
2.61 0.00302918 -1.34053 -0.0306751 143 
2.67 0.00257828 -1.34306 -0.0276947 144 
2.73 0.00219404 -1.34482 -0.0144854 145 
2.79 0.00186695 -1.34534 0.00475772 146 
2.85 0.00158863 -1.34527 -0.00791729 147 
2.91 0.00135157 -1.3467 -0.0146733 148 
2.97 0.00115004 -1.34557 0.00393571 149 
3.03 0.000978468 -1.34639 -0.0185784 150 
3.09 0.000832353 -1.34776 -0.0228245 151 
3.15 0.000707977 -1.34871 -0.00562123 152 
3.21 0.000602091 -1.35002 -0.00934304 153 
3.27 0.000512013 -1.3505 0.00394143 154 
3.33 0.00043543 -1.35012 -0.00886256 155 
3.39 0.000370224 -1.35188 -0.0161582 156 
3.45 0.000314804 -1.35133 -0.0102612 157 
3.51 0.000267645 -1.35239 -0.0046477 158 
3.57 0.000227568 -1.35178 -0.000822828 159 
3.63 0.000193463 -1.35303 -0.00668399 160 
3.69 0.000164467 -1.35315 0.0174349 161 
3.75 0.000139809 -1.3536 -0.0046196 162 
3.81 0.000118835 -1.35452 0.00548697 163 
3.87 0.000101033 -1.35237 0.0019385 164 
3.93 8.58857e-05 -1.35359 0.000522364 165 
3.99 7.3019e-05 -1.35248 0.00908202 166 
4.05 6.20736e-05 -1.35333 -0.00354438 167 
4.11 5.27729e-05 -1.35268 -0.010597 168 
4.17 4.48607e-05 -1.35364 -0.00595932 169 
4.23 3.81355e-05 -1.35347 0.00938932 170 
4.29 3.24196e-05 -1.35317 0.00587265 171 
4.35 2.75641e-05 -1.35208 0.00765628 172 
4.41 2.34346e-05 -1.3525 0.00189127 173 
4.47 1.99249e-05 -1.35206 -0.0190142 174 
4.53 1.69373e-05 -1.35375 -0.0177873 175 
4.59 1.43973e-05 -1.35398 0.00722561 176 
4.65 1.22402e-05 -1.35263 0.00965386 177 
4.71 1.04059e-05 -1.35294 0.000379157 178 
4.77 8.84718e-06 -1.35229 0.00618143 179 
4.83 7.52169e-06 -1.35257 -0.00460808 180 
4.89 6.39347e-06 -1.35428 -0.0225646 181 
4.95 5.43455e-06 -1.35417 0.0159856 182 
5.01 4.62014e-06 -1.35292 -0.00243305 183 
5.07 3.92744e-06 -1.35365 -0.0175667 184 
5.13 3.33847e-06 -1.35396 0.00465964 185 
5.19 2.83775e-06 -1.35418 -0.00798683 186 
5.25 2.41209e-06 -1.35431 0.00256222 187 
5.31 2.05049e-06 -1.35347 -0.00727141 188 
5.37 1.74302e-06 -1.35383 -0.00539104 189 
5.43 1.48171e-06 -1.3535 -0.00481262 190 
5.49 1.25947e-06 -1.35424 0.00483708 191 
5.55 1.07074e-06 -1.35287 0.00826118 192 
5.61 9.10116e-07 -1.35441 -0.00453942 193 
5.67 7.73691e-07 -1.35333 0.0119917 194 
5.73 6.57711e-07 -1.35339 0.00517077 195 
5.79 5.59156e-07 -1.3528 0.00276715 196 
5.85 4.75373e-07 -1.35273 -0.00317406 197 
5.91 4.04104e-07 -1.35357 -0.0242188 198 
5.97 3.43482e-07 -1.35448 -0.0111838 199 
