-5.94 4.8295e-07 1.35533 -0.0209825 0 
-5.82 6.68596e-07 1.35528 0.0198804 1 
-5.7 9.25732e-07 1.35585 0.004647 2 
-5.58 1.28178e-06 1.35592 -0.00381402 3 
-5.46 1.77439e-06 1.35503 -0.000500602 4 
-5.34 2.45647e-06 1.35528 0.00506058 5 
-5.22 3.40185e-06 1.35665 0.000514477 6 
-5.1 4.70983e-06 1.35555 -0.00896376 7 
-4.98 6.5182e-06 1.35394 -0.00314548 8 
-4.86 9.02182e-06 1.35437 -0.00484189 9 
-4.74 1.24833e-05 1.35311 -0.00551233 10 
-4.62 1.72761e-05 1.35388 -0.00128624 11 
-4.5 2.3906e-05 1.35336 -0.00507361 12 
-4.38 3.30803e-05 1.35336 -0.00408482 13 
-4.26 4.57729e-05 1.35314 -0.00118054 14 
-4.14 6.33427e-05 1.35362 -0.000824024 15 
-4.02 8.76433e-05 1.35298 -0.00417621 16 
-3.9 0.000121249 1.35237 -0.00557546 17 
-3.78 0.000167739 1.35236 -0.00175977 18 
-3.66 0.000232052 1.3523 -0.00270508 19 
-3.54 0.000320967 1.35157 -0.00991355 20 
-3.42 0.000443814 1.35027 -0.002892 21 
-3.3 0.000613713 1.35051 -0.0056439 22 
-3.18 0.000848307 1.34882 -0.0135706 23 
-3.06 0.00117222 1.34754 -0.00889193 24 
-2.94 0.00161928 1.34619 -0.0139571 25 
-2.82 0.00223578 1.34418 -0.0153 26 
-2.7 0.00308485 1.34131 -0.0193635 27 
-2.58 0.00425186 1.33689 -0.031668 28 
-2.46 0.00585425 1.33255 -0.0432042 29 
-2.34 0.00804993 1.32706 -0.0575907 30 
-2.22 0.0110469 1.31868 -0.0754597 31 
-2.1 0.0151229 1.30858 -0.0875654 32 
-1.98 0.0206479 1.29752 -0.103748 33 
-1.86 0.0280999 1.28397 -0.116943 34 
-1.74 0.0381089 1.26951 -0.140461 35 
-1.62 0.0514269 1.24881 -0.180291 36 
-1.5 0.0690195 1.22595 -0.234049 37 
-1.38 0.0918866 1.19236 -0.316844 38 
-1.26 0.121092 1.14996 -0.383355 39 
-1.14 0.157702 1.10066 -0.454201 40 
-1.02 0.202444 1.04065 -0.560413 41 
-0.9 0.255283 0.966296 -0.669477 42 
-0.78 0.315364 0.880651 -0.770957 43 
-0.66 0.380332 0.780483 -0.909977 44 
-0.54 0.445718 0.661008 -1.05987 45 
-0.42 0.505994 0.528494 -1.1648 46 
-0.3 0.5551 0.385932 -1.25224 47 
-0.18 0.586823 0.231561 -1.28878 48 
-0.06 0.597545 0.0754417 -1.31821 49 
0.06 0.585499 -0.0848536 -1.33928 50 
0.18 0.552404 -0.242436 -1.30153 51 
0.3 0.502397 -0.39537 -1.22997 52 
0.42 0.441713 -0.536374 -1.11187 53 
0.54 0.376745 -0.662885 -1.00021 54 
0.66 0.312572 -0.778056 -0.911173 55 
0.78 0.253032 -0.88049 -0.785588 56 
0.9 0.20071 -0.96524 -0.634749 57 
1.02 0.156619 -1.03351 -0.530388 58 
1.14 0.120417 -1.09524 -0.472844 59 
1.26 0.0914337 -1.14728 -0.381127 60 
1.38 0.068767 -1.18704 -0.310562 61 
1.5 0.0512974 -1.22118 -0.268954 62 
1.62 0.0380001 -1.25021 -0.198059 63 
1.74 0.0280093 -1.27105 -0.158123 64 
1.86 0.0205544 -1.28941 -0.132766 65 
1.98 0.0150333 -1.30338 -0.106185 66 
2.1 0.0109665 -1.31424 -0.0764097 67 
2.22 0.00798395 -1.32256 -0.0490933 68 
2.34 0.00580507 -1.32792 -0.0496883 69 
2.46 0.00421459 -1.33408 -0.0409389 70 
2.58 0.00305689 -1.33815 -0.0255963 71 
2.7 0.00221547 -1.34138 -0.0311834 72 
2.82 0.00160442 -1.34458 -0.024223 73 
2.94 0.00116144 -1.34628 -0.0120144 74 
3.06 0.000840444 -1.34784 -0.00907127 75 
3.18 0.000607969 -1.34919 -0.00867734 76 
3.3 0.000439802 -1.34916 -0.00660534 77 
3.42 0.00031806 -1.35036 -0.00500694 78 
3.54 0.000229981 -1.35101 -0.00308283 79 
3.66 0.000166286 -1.35119 -0.00219062 80 
3.78 0.000120186 -1.35281 -0.00504582 81 
3.9 8.6859e-05 -1.35313 -0.00081913 82 
4.02 6.27821e-05 -1.35257 -0.00269117 83 
4.14 4.53731e-05 -1.35313 -0.00300517 84 
4.26 3.27872e-05 -1.35368 -0.00227195 85 
4.38 2.3688e-05 -1.35446 -0.0042776 86 
4.5 1.71138e-05 -1.35452 -0.000665381 87 
4.62 1.23613e-05 -1.35548 0.00123937 88 
4.74 8.92949e-06 -1.35504 0.00592967 89 
4.86 6.45206e-06 -1.354 0.00420907 90 
4.98 4.66218e-06 -1.35381 -0.00373412 91 
5.1 3.36906e-06 -1.35354 -0.00455192 92 
5.22 2.43445e-06 -1.3538 0.00220254 93 
5.34 1.75927e-06 -1.35343 0.00240483 94 
5.46 1.27126e-06 -1.3537 -0.00350371 95 
5.58 9.18441e-07 -1.35453 -0.00387689 96 
5.7 6.63453e-07 -1.35509 -0.00373014 97 
5.82 4.79252e-07 -1.35513 -0.00606551 98 
5.94 3.46193e-07 -1.35512 0.00706461 99 
