-5.94 4.68079e-07 1.36486 -0.021565 0 
-5.82 6.49242e-07 1.3632 -0.0240812 1 
-5.7 9.00475e-07 1.36298 0.0052694 2 
-5.58 1.24924e-06 1.36404 6.05779e-05 3 
-5.46 1.73264e-06 1.36296 -0.00740475 4 
-5.34 2.40276e-06 1.36237 -0.00377015 5 
-5.22 3.33169e-06 1.36193 -3.09192e-05 6 
-5.1 4.62067e-06 1.36275 0.00170081 7 
-4.98 6.40746e-06 1.36218 0.00213194 8 
-4.86 8.88534e-06 1.36225 0.000775833 9 
-4.74 1.23219e-05 1.3624 0.00411668 10 
-4.62 1.70927e-05 1.36363 0.00192646 11 
-4.5 2.37043e-05 1.36253 -0.00635132 12 
-4.38 3.28716e-05 1.36229 -0.00378154 13 
-4.26 4.55773e-05 1.36168 -0.00314682 14 
-4.14 6.31923e-05 1.36155 0.000845086 15 
-4.02 8.76255e-05 1.36204 -0.00101504 16 
-3.9 0.000121485 1.36134 -0.0124608 17 
-3.78 0.00016837 1.35988 0.0017906 18 
-3.66 0.000233433 1.36138 -0.000796481 19 
-3.54 0.000323479 1.35932 -0.0123874 20 
-3.42 0.000448236 1.35911 0.00130007 21 
-3.3 0.00062114 1.35932 -0.00635372 22 
-3.18 0.000860318 1.35727 -0.0120422 23 
-3.06 0.00119129 1.35621 -0.0132287 24 
-2.94 0.00164865 1.35384 -0.0228087 25 
-2.82 0.00228022 1.35132 -0.0179159 26 
-2.7 0.00315232 1.34945 -0.0217409 27 
-2.58 0.00435402 1.34567 -0.041088 28 
-2.46 0.00600599 1.34023 -0.048194 29 
-2.34 0.00827214 1.3339 -0.0558018 30 
-2.22 0.0113715 1.32591 -0.0806874 31 
-2.1 0.0155902 1.31472 -0.0921592 32 
-1.98 0.0213157 1.30334 -0.113935 33 
-1.86 0.0290301 1.28704 -0.139783 34 
-1.74 0.0393697 1.26943 -0.172283 35 
-1.62 0.0530851 1.24541 -0.217841 36 
-1.5 0.0710922 1.217 -0.276768 37 
-1.38 0.0943422 1.17896 -0.333961 38 
-1.26 0.12393 1.13661 -0.396311 39 
-1.14 0.16071 1.08285 -0.491612 40 
-1.02 0.205217 1.01861 -0.582562 41 
-0.9 0.257324 0.942785 -0.681773 42 
-0.78 0.315915 0.854743 -0.7924 43 
-0.66 0.37845 0.752541 -0.908025 44 
-0.54 0.440976 0.637114 -1.00443 45 
-0.42 0.498571 0.511484 -1.10429 46 
-0.3 0.545281 0.373148 -1.18446 47 
-0.18 0.576013 0.228452 -1.2284 48 
-0.06 0.586911 0.0780971 -1.27638 49 
0.06 0.576293 -0.0760765 -1.27233 50 
0.18 0.545952 -0.225351 -1.2341 51 
0.3 0.499372 -0.371584 -1.18739 52 
0.42 0.441894 -0.509505 -1.10645 53 
0.54 0.379313 -0.636287 -1.00295 54 
0.66 0.316827 -0.750023 -0.897909 55 
0.78 0.258229 -0.852112 -0.79286 56 
0.9 0.206079 -0.939949 -0.673639 57 
1.02 0.161558 -1.01415 -0.577 58 
1.14 0.124713 -1.07854 -0.482542 59 
1.26 0.0950703 -1.13083 -0.408751 60 
1.38 0.0716733 -1.17708 -0.34101 61 
1.5 0.0535742 -1.21271 -0.273756 62 
1.62 0.0397505 -1.24353 -0.226096 63 
1.74 0.0293286 -1.26691 -0.173787 64 
1.86 0.0215423 -1.28561 -0.14216 65 
1.98 0.0157642 -1.30116 -0.112721 66 
2.1 0.0115024 -1.31325 -0.0920904 67 
2.22 0.00837207 -1.32357 -0.0719775 68 
2.34 0.00608339 -1.33058 -0.0568051 69 
2.46 0.00441316 -1.33738 -0.0568896 70 
2.58 0.00319679 -1.34351 -0.0345623 71 
2.7 0.00231423 -1.34613 -0.0273571 72 
2.82 0.00167377 -1.35 -0.0208381 73 
2.94 0.00121013 -1.35145 -0.0154587 74 
3.06 0.000874371 -1.35408 -0.0136928 75 
3.18 0.000631671 -1.35474 -0.0089449 76 
3.3 0.000456135 -1.35658 -0.0121899 77 
3.42 0.000329332 -1.35717 -0.0032983 78 
3.54 0.000237759 -1.35755 0.000942853 79 
3.66 0.000171668 -1.35705 -0.0034565 80 
3.78 0.000123913 -1.35826 -0.0120903 81 
3.9 8.94162e-05 -1.3595 -0.00343868 82 
4.02 6.45289e-05 -1.35912 0.00161635 83 
4.14 4.65642e-05 -1.3595 -0.00435297 84 
4.26 3.3597e-05 -1.35998 -0.00128141 85 
4.38 2.42415e-05 -1.35988 0.000890757 86 
4.5 1.74913e-05 -1.35984 0.000824842 87 
4.62 1.26208e-05 -1.35982 -0.00489294 88 
4.74 9.10436e-06 -1.3608 -0.00373925 89 
4.86 6.5677e-06 -1.36079 -0.00293589 90 
4.98 4.7368e-06 -1.36168 -0.00908086 91 
5.1 3.41572e-06 -1.36238 0.0075007 92 
5.22 2.46431e-06 -1.36032 0.00473806 93 
5.34 1.77743e-06 -1.36144 -0.00541001 94 
5.46 1.28211e-06 -1.36107 0.00456708 95 
5.58 9.24944e-07 -1.36055 -0.0011295 96 
5.7 6.67156e-07 -1.36129 -0.000634257 97 
5.82 4.813e-07 -1.36056 0.0311319 98 
5.94 3.47315e-07 -1.35941 -8.70797e-05 99 
