-3.98 8.72505e-05 1.35374 -0.0499406 0 
-3.94 9.7235e-05 1.35434 0.00402301 1 
-3.9 0.00010836 1.35405 -0.00174498 2 
-3.86 0.000120752 1.35351 -0.0188413 3 
-3.82 0.000134557 1.35314 0.00447376 4 
-3.78 0.000149948 1.35374 0.0146167 5 
-3.74 0.000167097 1.35357 -0.0182709 6 
-3.7 0.000186198 1.35301 0.00363398 7 
-3.66 0.0002075 1.354 0.000160896 8 
-3.62 0.000231221 1.35303 -0.0183728 9 
-3.58 0.000257648 1.35274 -0.000251974 10 
-3.54 0.000287089 1.35247 -0.022525 11 
-3.5 0.000319863 1.35128 -0.0215562 12 
-3.46 0.000356364 1.35074 -0.00584947 13 
-3.42 0.000397017 1.35032 -0.0108818 14 
-3.38 0.000442275 1.34941 -0.0124951 15 
-3.34 0.000492718 1.35008 -0.00567854 16 
-3.3 0.000548861 1.34884 -0.00843726 17 
-3.26 0.00061136 1.34801 -0.00197976 18 
-3.22 0.000681057 1.3495 -0.000939675 19 
-3.18 0.000758693 1.34939 -0.0153645 20 
-3.14 0.000845079 1.34792 -0.0392013 21 
-3.1 0.00094123 1.34696 0.0203424 22 
-3.06 0.00104853 1.34949 0.0173768 23 
-3.02 0.00116786 1.34731 -0.0411966 24 
-2.98 0.00130072 1.34678 0.00665506 25 
-2.94 0.00144874 1.34719 -0.00683386 26 
-2.9 0.00161338 1.34546 -0.00602539 27 
-2.86 0.00179682 1.34609 -0.00701734 28 
-2.82 0.00200094 1.34499 -0.0414406 29 
-2.78 0.00222812 1.3443 -0.0160936 30 
-2.74 0.00248091 1.34333 -0.00387923 31 
-2.7 0.00276224 1.34269 -0.0340622 32 
-2.66 0.00307506 1.34104 -0.0579563 33 
-2.62 0.00342266 1.33866 -0.027952 34 
-2.58 0.00380948 1.33844 -0.0598904 35 
-2.54 0.00423898 1.33538 -0.0376217 36 
-2.5 0.00471702 1.33568 -0.00490141 37 
-2.46 0.0052483 1.33408 -0.064441 38 
-2.42 0.00583808 1.33123 -0.0515458 39 
-2.38 0.00649355 1.33008 -0.0442166 40 
-2.34 0.00722155 1.32825 -0.0533347 41 
-2.3 0.00802966 1.32592 -0.0470098 42 
-2.26 0.00892717 1.32446 -0.0355422 43 
-2.22 0.00992365 1.32277 -0.0895733 44 
-2.18 0.0110272 1.31802 -0.0841479 45 
-2.14 0.0122513 1.31592 -0.0623999 46 
-2.1 0.0136074 1.31226 -0.105608 47 
-2.06 0.0151082 1.30777 -0.0880396 48 
-2.02 0.0167699 1.30434 -0.0824802 49 
-1.98 0.0186094 1.30103 -0.10208 50 
-1.94 0.0206431 1.29643 -0.107627 51 
-1.9 0.0228905 1.29172 -0.130442 52 
-1.86 0.025371 1.2861 -0.122918 53 
-1.82 0.0281118 1.28228 -0.153497 54 
-1.78 0.0311297 1.27463 -0.142778 55 
-1.74 0.0344611 1.27087 -0.0931883 56 
-1.7 0.0381312 1.26503 -0.164258 57 
-1.66 0.0421644 1.25679 -0.181725 58 
-1.62 0.0465992 1.25009 -0.195935 59 
-1.58 0.0514645 1.24135 -0.193943 60 
-1.54 0.0568043 1.23399 -0.235166 61 
-1.5 0.0626382 1.22205 -0.30804 62 
-1.46 0.0690125 1.2114 -0.246454 63 
-1.42 0.0759772 1.20183 -0.259158 64 
-1.38 0.0835621 1.18946 -0.304097 65 
-1.34 0.0918198 1.17797 -0.314645 66 
-1.3 0.100779 1.16372 -0.370956 67 
-1.26 0.110481 1.14903 -0.354691 68 
-1.22 0.120989 1.13561 -0.371301 69 
-1.18 0.132315 1.11857 -0.457993 70 
-1.14 0.14447 1.09859 -0.434952 71 
-1.1 0.157558 1.08408 -0.466332 72 
-1.06 0.171523 1.06153 -0.574343 73 
-1.02 0.18639 1.03906 -0.535174 74 
-0.98 0.202221 1.01897 -0.53657 75 
-0.94 0.218942 0.993112 -0.69315 76 
-0.9 0.236517 0.965134 -0.692898 77 
-0.86 0.254992 0.940164 -0.654794 78 
-0.82 0.274285 0.911695 -0.717062 79 
-0.78 0.294333 0.881772 -0.779017 80 
-0.74 0.315041 0.849925 -0.812035 81 
-0.7 0.336321 0.817006 -0.820365 82 
-0.66 0.358024 0.781694 -0.963321 83 
-0.62 0.379898 0.741296 -1.00014 84 
-0.58 0.401876 0.702994 -0.956556 85 
-0.54 0.423764 0.662914 -0.999769 86 
-0.5 0.445425 0.623145 -1.05867 87 
-0.46 0.466508 0.578091 -1.16313 88 
-0.42 0.486713 0.529986 -1.13125 89 
-0.38 0.50609 0.487999 -1.17703 90 
-0.34 0.524042 0.43573 -1.25762 91 
-0.3 0.540589 0.388581 -1.20983 92 
-0.26 0.555484 0.339765 -1.25245 93 
-0.22 0.568442 0.288229 -1.25006 94 
-0.18 0.579447 0.239685 -1.35092 95 
-0.14 0.587949 0.18208 -1.33718 96 
-0.1 0.594271 0.133701 -1.23906 97 
-0.06 0.598105 0.0803896 -1.43862 98 
-0.02 0.59914 0.0216101 -1.33345 99 
0.02 0.597794 -0.02812 -1.34577 100 
0.06 0.593737 -0.0851171 -1.43051 101 
0.1 0.587165 -0.139133 -1.2898 102 
0.14 0.578227 -0.191744 -1.29486 103 
0.18 0.567045 -0.244099 -1.32658 104 
0.22 0.553724 -0.297147 -1.28953 105 
0.26 0.538521 -0.348 -1.20562 106 
0.3 0.521717 -0.396267 -1.18477 107 
0.34 0.503555 -0.44291 -1.22976 108 
0.38 0.484096 -0.492629 -1.1877 109 
0.42 0.463744 -0.536868 -1.09626 110 
0.46 0.44259 -0.583629 -1.13425 111 
0.5 0.420946 -0.626743 -1.0868 112 
0.54 0.399073 -0.666979 -0.978545 113 
0.58 0.377148 -0.706352 -1.02349 114 
0.62 0.355234 -0.748249 -0.978065 115 
0.66 0.333651 -0.783536 -0.849614 116 
0.7 0.312538 -0.817095 -0.87602 117 
0.74 0.291927 -0.852788 -0.87365 118 
0.78 0.27196 -0.885587 -0.748252 119 
0.82 0.252814 -0.912523 -0.745424 120 
0.86 0.234416 -0.944446 -0.716428 121 
0.9 0.216916 -0.969833 -0.627428 122 
0.94 0.200299 -0.996273 -0.603256 123 
0.98 0.184608 -1.01971 -0.589523 124 
1.02 0.169833 -1.04276 -0.521586 125 
1.06 0.156001 -1.06185 -0.514899 126 
1.1 0.143031 -1.08507 -0.560167 127 
1.14 0.130932 -1.10474 -0.435103 128 
1.18 0.119701 -1.12103 -0.365089 129 
1.22 0.109297 -1.13665 -0.410403 130 
1.26 0.0996665 -1.15295 -0.418581 131 
1.3 0.0907696 -1.16882 -0.404759 132 
1.34 0.0825639 -1.18439 -0.317636 133 
1.38 0.0750374 -1.19483 -0.320559 134 
1.42 0.0681127 -1.21028 -0.363667 135 
1.46 0.0617721 -1.2214 -0.251171 136 
1.5 0.0559815 -1.23039 -0.238013 137 
1.54 0.0506936 -1.24026 -0.199449 138 
1.58 0.045876 -1.24822 -0.17355 139 
1.62 0.0414939 -1.25494 -0.230948 140 
1.66 0.0375023 -1.26432 -0.190189 141 
1.7 0.033879 -1.27009 -0.137091 142 
1.74 0.0305912 -1.27603 -0.173624 143 
1.78 0.0276054 -1.28376 -0.161625 144 
1.82 0.024901 -1.2888 -0.109852 145 
1.86 0.0224542 -1.29285 -0.139445 146 
1.9 0.0202377 -1.29915 -0.128252 147 
1.94 0.0182357 -1.30205 -0.0837377 148 
1.98 0.0164257 -1.30668 -0.132135 149 
2.02 0.0147888 -1.31222 -0.0815338 150 
2.06 0.0133129 -1.31422 -0.0725629 151 
2.1 0.0119793 -1.31942 -0.0751559 152 
2.14 0.0107788 -1.31996 -0.0363627 153 
2.18 0.0096966 -1.3226 -0.0761133 154 
2.22 0.00872084 -1.32574 -0.0700827 155 
2.26 0.00784141 -1.32872 -0.06776 156 
2.3 0.00704951 -1.33075 -0.0533956 157 
2.34 0.00633694 -1.33203 -0.0389109 158 
2.38 0.0056954 -1.3342 -0.0496864 159 
2.42 0.00511798 -1.33624 -0.0364869 160 
2.46 0.00459862 -1.33755 -0.03202 161 
2.5 0.00413148 -1.33901 -0.0418735 162 
2.54 0.00371144 -1.34019 -0.022526 163 
2.58 0.00333366 -1.34184 -0.0601406 164 
2.62 0.00299374 -1.34434 -0.0573584 165 
2.66 0.00268831 -1.34513 0.00821011 166 
2.7 0.00241384 -1.34621 -0.0285264 167 
2.74 0.00216703 -1.34827 -0.0460671 168 
2.78 0.00194543 -1.34839 -0.0395338 169 
2.82 0.00174616 -1.3508 -0.0438611 170 
2.86 0.00156727 -1.3511 0.00496775 171 
2.9 0.00140685 -1.34972 -0.0253775 172 
2.94 0.00126257 -1.35256 -0.0389422 173 
2.98 0.00113307 -1.35271 -0.00650498 174 
3.02 0.00101682 -1.35314 -0.0156301 175 
3.06 0.000912437 -1.354 -0.0133242 176 
3.1 0.00081874 -1.35441 0.00570497 177 
3.14 0.000734729 -1.35331 0.00894565 178 
3.18 0.000659327 -1.35352 0.0134334 179 
3.22 0.000591644 -1.35393 -0.0157397 180 
3.26 0.000530843 -1.35549 -0.0117659 181 
3.3 0.000476321 -1.35469 -0.00330262 182 
3.34 0.000427377 -1.35529 -0.0367189 183 
3.38 0.000383442 -1.35598 0.00637643 184 
3.42 0.000344017 -1.35622 7.33914e-05 185 
3.46 0.000308629 -1.35687 -0.0193674 186 
3.5 0.000276877 -1.35709 0.00596261 187 
3.54 0.000248389 -1.35722 -0.00425869 188 
3.58 0.00022283 -1.35735 0.0243946 189 
3.62 0.000199918 -1.35624 0.00735837 190 
3.66 0.000179342 -1.35771 -0.0159795 191 
3.7 0.000160893 -1.35689 0.00548282 192 
3.74 0.000144337 -1.35739 -0.00777694 193 
3.78 0.000129487 -1.35711 -0.0135784 194 
3.82 0.000116156 -1.35811 0.0122023 195 
3.86 0.000104208 -1.35676 -0.00417281 196 
3.9 9.34791e-05 -1.35818 -0.0324334 197 
3.94 8.38514e-05 -1.35864 0.106081 198 
3.98 7.52133e-05 -1.35897 -0.0719621 199 
