0.065208 0.00774851 16.6754 -340.181 0 
0.0956239 0.0145848 10.3972 -105.636 1 
0.12604 0.0236573 7.95131 -55.1527 2 
0.156456 0.034982 6.43018 -40.1448 3 
0.186872 0.0483725 5.32777 -29.727 4 
0.217288 0.0638601 4.56609 -22.189 5 
0.247704 0.0812835 3.96582 -17.041 6 
0.278119 0.100558 3.49802 -14.0078 7 
0.308535 0.121613 3.12509 -11.4513 8 
0.338951 0.144219 2.8027 -9.46977 9 
0.369367 0.168275 2.53596 -8.06526 10 
0.399783 0.193644 2.30832 -6.96586 11 
0.430199 0.220135 2.10778 -6.13474 12 
0.460615 0.247596 1.93254 -5.44883 13 
0.491031 0.275834 1.77537 -4.8684 14 
0.521447 0.304712 1.6368 -4.38383 15 
0.551863 0.334021 1.50967 -3.97982 16 
0.582279 0.363556 1.39286 -3.64508 17 
0.612695 0.393147 1.28634 -3.34132 18 
0.643111 0.422641 1.18915 -3.10592 19 
0.673526 0.451824 1.09763 -2.90914 20 
0.703942 0.480515 1.01205 -2.7096 21 
0.734358 0.508555 0.932336 -2.54497 22 
0.764774 0.53579 0.857587 -2.39754 23 
0.79519 0.56203 0.786001 -2.27371 24 
0.825606 0.587146 0.718662 -2.17616 25 
0.856022 0.610978 0.654048 -2.08937 26 
0.886438 0.633402 0.592539 -1.99545 27 
0.916854 0.654285 0.533222 -1.92094 28 
0.94727 0.673473 0.475169 -1.86608 29 
0.977686 0.690874 0.419351 -1.79551 30 
1.0081 0.706419 0.365764 -1.74136 31 
1.03852 0.719998 0.313003 -1.70761 32 
1.06893 0.731564 0.261977 -1.66019 33 
1.09935 0.741062 0.212048 -1.60868 34 
1.12977 0.748454 0.163151 -1.59324 35 
1.16018 0.753708 0.115 -1.57256 36 
1.1906 0.75682 0.0677484 -1.54576 37 
1.22101 0.757784 0.0209195 -1.52598 38 
1.25143 0.756614 -0.0254087 -1.50499 39 
1.28185 0.75336 -0.0708511 -1.50245 40 
1.31226 0.748055 -0.116168 -1.48661 41 
1.34268 0.740754 -0.161224 -1.47179 42 
1.37309 0.731529 -0.206003 -1.47204 43 
1.40351 0.72046 -0.250646 -1.47169 44 
1.43392 0.707634 -0.295289 -1.4754 45 
1.46434 0.693121 -0.340638 -1.47671 46 
1.49476 0.677049 -0.385669 -1.48754 47 
1.52517 0.65952 -0.431216 -1.50249 48 
1.55559 0.64067 -0.476698 -1.50308 49 
1.586 0.620598 -0.523271 -1.5245 50 
1.61642 0.599462 -0.569605 -1.53855 51 
1.64684 0.577405 -0.61628 -1.55661 52 
1.67725 0.554543 -0.664118 -1.59265 53 
1.70767 0.531007 -0.712911 -1.60625 54 
1.73808 0.506941 -0.762447 -1.63871 55 
1.7685 0.482479 -0.813011 -1.69294 56 
1.79892 0.457758 -0.864639 -1.71632 57 
1.82933 0.432913 -0.917355 -1.76232 58 
1.85975 0.408052 -0.972218 -1.81316 59 
1.89016 0.383325 -1.02758 -1.8462 60 
1.92058 0.35886 -1.08417 -1.90105 61 
1.951 0.334758 -1.1429 -1.96341 62 
1.98141 0.311107 -1.2045 -2.04374 63 
2.01183 0.28802 -1.26754 -2.12522 64 
2.04224 0.265581 -1.3333 -2.18814 65 
2.07266 0.243888 -1.4008 -2.26412 66 
2.10308 0.222993 -1.47242 -2.40066 67 
2.13349 0.202971 -1.54649 -2.50355 68 
2.16391 0.183875 -1.62425 -2.6198 69 
2.19432 0.165745 -1.70642 -2.75285 70 
2.22474 0.148636 -1.79106 -2.88953 71 
2.25515 0.132555 -1.88227 -3.04349 72 
2.28557 0.117532 -1.97734 -3.23697 73 
2.31599 0.103563 -2.08001 -3.4627 74 
2.3464 0.0906595 -2.18749 -3.66759 75 
2.37682 0.0788119 -2.30219 -3.8915 76 
2.40723 0.0680043 -2.42461 -4.17428 77 
2.43765 0.0582059 -2.55762 -4.55036 78 
2.46807 0.0493838 -2.70195 -4.94402 79 
2.49848 0.0415036 -2.85772 -5.35632 80 
2.5289 0.0345209 -3.02829 -5.85392 81 
2.55931 0.0283908 -3.21378 -6.42155 82 
2.58973 0.0230576 -3.42036 -7.04948 83 
2.62015 0.0184691 -3.64772 -7.8408 84 
2.65056 0.0145669 -3.9017 -8.86438 85 
2.68098 0.0112921 -4.18606 -10.0102 86 
2.71139 0.00858032 -4.51466 -11.4498 87 
2.74181 0.0063729 -4.88915 -13.1833 88 
2.77223 0.00461075 -5.32063 -15.3514 89 
2.80264 0.00323557 -5.82235 -18.1083 90 
2.83306 0.00218901 -6.42357 -21.5558 91 
2.86347 0.00141587 -7.16249 -26.9486 92 
2.89389 0.000866439 -8.07315 -33.4413 93 
2.92431 0.000494051 -9.23452 -43.4216 94 
2.95472 0.000256068 -10.8035 -58.1708 95 
2.98514 0.000116762 -12.9094 -83.0033 96 
3.01555 4.40944e-05 -16.0082 -125.778 97 
3.04597 1.22956e-05 -20.9938 -222.732 98 
3.07638 1.65723e-06 -32.9448 -554.439 99 
