0.065208 0.00355541 21.4022 -216.633 0 
0.0956239 0.00656765 10.0882 -260.751 1 
0.12604 0.01073 8.06952 -100.591 2 
0.156456 0.0157972 6.35839 -16.8836 3 
0.186872 0.0224765 5.79696 -23.1247 4 
0.217288 0.0301875 4.84872 -32.4925 5 
0.247704 0.0390632 4.23714 -13.7327 6 
0.278119 0.0490455 3.74091 -17.6304 7 
0.308535 0.0597509 3.24559 -14.9467 8 
0.338951 0.0715134 2.95406 -5.39918 9 
0.369367 0.0851143 2.86215 -11.6206 10 
0.399783 0.0986637 2.42836 -10.3751 11 
0.430199 0.113408 2.28955 -6.47808 12 
0.460615 0.129181 2.14064 -4.16524 13 
0.491031 0.145366 1.94049 -5.05196 14 
0.521447 0.162071 1.78818 -3.71032 15 
0.551863 0.179623 1.6903 -2.65351 16 
0.582279 0.197647 1.57196 -3.56826 17 
0.612695 0.216311 1.48331 -3.91882 18 
0.643111 0.235237 1.37885 -3.42195 19 
0.673526 0.254334 1.28308 -2.50305 20 
0.703942 0.273962 1.2221 -2.08822 21 
0.734358 0.293729 1.14528 -2.59487 22 
0.764774 0.313381 1.0646 -2.48967 23 
0.79519 0.332876 0.992063 -1.98588 24 
0.825606 0.352499 0.941564 -1.92502 25 
0.856022 0.372048 0.887315 -1.79262 26 
0.886438 0.391486 0.837151 -1.74293 27 
0.916854 0.410444 0.777406 -1.62846 28 
0.94727 0.429108 0.730992 -1.51567 29 
0.977686 0.447426 0.687191 -1.51678 30 
1.0081 0.465253 0.64228 -1.39659 31 
1.03852 0.48254 0.599724 -1.39042 32 
1.06893 0.49918 0.557315 -1.29916 33 
1.09935 0.515279 0.521778 -1.26046 34 
1.12977 0.530559 0.480392 -1.28213 35 
1.16018 0.545024 0.442202 -1.22949 36 
1.1906 0.558671 0.406529 -1.1631 37 
1.22101 0.571389 0.370042 -1.17742 38 
1.25143 0.583181 0.335789 -1.11553 39 
1.28185 0.59399 0.301909 -1.10056 40 
1.31226 0.603778 0.268672 -1.1121 41 
1.34268 0.61249 0.235507 -1.05139 42 
1.37309 0.620109 0.203216 -1.05278 43 
1.40351 0.626565 0.170249 -1.0463 44 
1.43392 0.631897 0.13932 -1.05603 45 
1.46434 0.636079 0.108427 -1.02634 46 
1.49476 0.639056 0.0767653 -1.01987 47 
1.52517 0.64082 0.0453166 -1.0192 48 
1.55559 0.641369 0.0140765 -0.99942 49 
1.586 0.640747 -0.0159568 -1.02383 50 
1.61642 0.638921 -0.0469234 -1.01394 51 
1.64684 0.635903 -0.0778253 -1.03714 52 
1.67725 0.631717 -0.108577 -1.03422 53 
1.70767 0.626335 -0.140639 -1.02271 54 
1.73808 0.619837 -0.171456 -1.02726 55 
1.7685 0.612226 -0.203095 -1.04224 56 
1.79892 0.603532 -0.235114 -1.0946 57 
1.82933 0.593767 -0.268158 -1.10624 58 
1.85975 0.582962 -0.301901 -1.08415 59 
1.89016 0.571194 -0.335211 -1.11719 60 
1.92058 0.558469 -0.370361 -1.17872 61 
1.951 0.544859 -0.405581 -1.24092 62 
1.98141 0.530343 -0.443898 -1.20398 63 
2.01183 0.515113 -0.479005 -1.17766 64 
2.04224 0.499159 -0.517199 -1.31128 65 
2.07266 0.48252 -0.5573 -1.3107 66 
2.10308 0.465215 -0.600376 -1.30842 67 
2.13349 0.447394 -0.642091 -1.45878 68 
2.16391 0.42914 -0.684791 -1.53318 69 
2.19432 0.410463 -0.73149 -1.44457 70 
2.22474 0.391442 -0.779973 -1.65226 71 
2.25515 0.372223 -0.827607 -1.76721 72 
2.28557 0.352859 -0.878223 -1.6995 73 
2.31599 0.333225 -0.941137 -1.98043 74 
2.3464 0.313697 -0.992756 -1.93702 75 
2.37682 0.294268 -1.05102 -2.0501 76 
2.40723 0.274694 -1.13158 -2.69784 77 
2.43765 0.255311 -1.20287 -2.60818 78 
2.46807 0.236306 -1.27161 -2.55142 79 
2.49848 0.217621 -1.35413 -2.66729 80 
2.5289 0.199137 -1.45911 -3.18142 81 
2.55931 0.181221 -1.54978 -3.38162 82 
2.58973 0.16382 -1.65951 -5.1814 83 
2.62015 0.14687 -1.7954 -4.12844 84 
2.65056 0.131052 -1.87327 -3.67803 85 
2.68098 0.115773 -2.03776 -5.69247 86 
2.71139 0.101075 -2.23187 -5.53527 87 
2.74181 0.0874607 -2.37829 -6.16569 88 
2.77223 0.074536 -2.62866 -9.9717 89 
2.80264 0.0627832 -2.8208 -8.66327 90 
2.83306 0.0521372 -3.05449 -10.7547 91 
2.86347 0.0423897 -3.40239 -17.2306 92 
2.89389 0.0327941 -4.21911 -18.4231 93 
2.92431 0.0239104 -5.19359 -18.3149 94 
2.95472 0.0172227 -5.39329 -26.978 95 
2.98514 0.0118291 -6.17547 -40.7447 96 
3.01555 0.00733418 -7.858 -27.8716 97 
3.04597 0.00373321 -11.1007 -59.1714 98 
3.07638 0.00113476 -19.576 -532.449 99 
