-5.94 1.09232e-06 1.2451 -0.284834 0 
-5.82 1.46913e-06 1.23485 0.0980864 1 
-5.7 1.98033e-06 1.24414 0.0775995 2 
-5.58 2.67291e-06 1.2496 0.0343766 3 
-5.46 3.61041e-06 1.25273 0.0205559 4 
-5.34 4.87937e-06 1.25498 0.0170694 5 
-5.22 6.5975e-06 1.25697 0.0151508 6 
-5.1 8.92394e-06 1.25853 0.0111031 7 
-4.98 1.20742e-05 1.25972 0.00868718 8 
-4.86 1.634e-05 1.26062 0.00485842 9 
-4.74 2.21154e-05 1.26106 0.00534838 10 
-4.62 2.99389e-05 1.26203 0.00994293 11 
-4.5 4.05413e-05 1.26317 0.00712652 12 
-4.38 5.49055e-05 1.26372 0.00385477 13 
-4.26 7.43687e-05 1.26425 0.00497575 14 
-4.14 0.000100744 1.26477 0.00805206 15 
-4.02 0.000136508 1.26583 0.0067442 16 
-3.9 0.000184988 1.26629 0.00420346 17 
-3.78 0.000250721 1.26688 0.00160316 18 
-3.66 0.000339803 1.26677 0.0010945 19 
-3.54 0.000460575 1.26713 0.00325823 20 
-3.42 0.000624329 1.26751 0.00305963 21 
-3.3 0.000846376 1.26786 0.00197305 22 
-3.18 0.00114739 1.26785 -0.00372658 23 
-3.06 0.00155521 1.26717 -0.00376438 24 
-2.94 0.0021079 1.267 -0.00283979 25 
-2.82 0.00285645 1.26619 -0.0110426 26 
-2.7 0.00386903 1.26427 -0.0186107 27 
-2.58 0.00523734 1.26171 -0.0242545 28 
-2.46 0.00708395 1.25841 -0.0297166 29 
-2.34 0.00957275 1.25454 -0.0354198 30 
-2.22 0.0129204 1.24954 -0.0479015 31 
-2.1 0.0174098 1.2426 -0.0687897 32 
-1.98 0.0234057 1.23311 -0.0850429 33 
-1.86 0.0313833 1.22208 -0.107063 34 
-1.74 0.0419279 1.20697 -0.142379 35 
-1.62 0.0557562 1.18766 -0.179523 36 
-1.5 0.0737152 1.16342 -0.225788 37 
-1.38 0.096748 1.13292 -0.280924 38 
-1.26 0.125841 1.09546 -0.349388 39 
-1.14 0.161852 1.0486 -0.429542 40 
-1.02 0.205355 0.991904 -0.514241 41 
-0.9 0.256354 0.92425 -0.62174 42 
-0.78 0.313787 0.842311 -0.739852 43 
-0.66 0.37537 0.746652 -0.855734 44 
-0.54 0.437354 0.636801 -0.978833 45 
-0.42 0.494575 0.51231 -1.08628 46 
-0.3 0.541366 0.376659 -1.17631 47 
-0.18 0.572199 0.230793 -1.24719 48 
-0.06 0.583076 0.0784619 -1.29013 49 
0.06 0.572355 -0.077325 -1.28957 50 
0.18 0.541683 -0.229492 -1.24725 51 
0.3 0.494976 -0.375719 -1.18257 52 
0.42 0.437687 -0.512525 -1.09106 53 
0.54 0.375651 -0.636843 -0.97702 54 
0.66 0.314035 -0.74648 -0.854922 55 
0.78 0.256574 -0.842033 -0.736605 56 
0.9 0.205559 -0.923686 -0.62707 57 
1.02 0.161974 -0.992911 -0.522526 58 
1.14 0.125905 -1.04962 -0.426121 59 
1.26 0.0967902 -1.09575 -0.344535 60 
1.38 0.0737473 -1.13293 -0.280545 61 
1.5 0.0557768 -1.16369 -0.229673 62 
1.62 0.0419362 -1.18837 -0.182689 63 
1.74 0.0313831 -1.20783 -0.141747 64 
1.86 0.0234009 -1.22289 -0.11479 65 
1.98 0.017396 -1.23556 -0.0890256 66 
2.1 0.0129045 -1.24443 -0.063401 67 
2.22 0.00955681 -1.25135 -0.0513495 68 
2.34 0.00706811 -1.25692 -0.0400086 69 
2.46 0.0052223 -1.26106 -0.0264425 70 
2.58 0.00385622 -1.26354 -0.0213132 71 
2.7 0.00284582 -1.26599 -0.0153059 72 
2.82 0.00209957 -1.26716 -0.00852747 73 
2.94 0.00154862 -1.2682 -0.00625849 74 
3.06 0.00114211 -1.26867 -0.00381197 75 
3.18 0.000842221 -1.26914 -0.00180777 76 
3.3 0.000621053 -1.26928 -0.00204086 77 
3.42 0.000457917 -1.2697 0.00028292 78 
3.54 0.000337674 -1.26919 0.00515689 79 
3.66 0.000249033 -1.26873 0.00357365 80 
3.78 0.000183678 -1.26834 0.00177056 81 
3.9 0.000135485 -1.268 0.00357925 82 
4.02 9.99556e-05 -1.26724 0.0102652 83 
4.14 7.37682e-05 -1.26583 0.00804426 84 
4.26 5.4448e-05 -1.26534 0.00507909 85 
4.38 4.01962e-05 -1.26447 0.00716384 86 
4.5 2.96805e-05 -1.26368 0.00821292 87 
4.62 2.19216e-05 -1.26257 0.00717866 88 
4.74 1.61935e-05 -1.26194 0.00667279 89 
4.86 1.19649e-05 -1.26094 0.00971838 90 
4.98 8.84347e-06 -1.25959 0.00977915 91 
5.1 6.53843e-06 -1.25826 0.016179 92 
5.22 4.83705e-06 -1.2558 0.0222868 93 
5.34 3.5807e-06 -1.25311 0.0245915 94 
5.46 2.65284e-06 -1.24969 0.0366999 95 
5.58 1.96817e-06 -1.24386 0.0619559 96 
5.7 1.46397e-06 -1.23314 0.105637 97 
5.82 1.09553e-06 -1.20797 0.312954 98 
5.94 8.3886e-07 -1.1123 1.35313 99 
