-3.96 6.47866e-05 1.46448 -0.0812108 0 
-3.88 8.18629e-05 1.46216 0.0218679 1 
-3.8 0.00010346 1.46335 0.0183993 2 
-3.72 0.00013078 1.46461 0.0143108 3 
-3.64 0.00016533 1.46517 -0.0037654 4 
-3.56 0.000208969 1.464 -0.0111378 5 
-3.48 0.000264116 1.46375 -0.00741379 6 
-3.4 0.000333739 1.46233 -0.0259904 7 
-3.32 0.000421543 1.45977 -0.0237242 8 
-3.24 0.000532327 1.45835 -0.0419506 9 
-3.16 0.000671711 1.45355 -0.0335368 10 
-3.08 0.000847537 1.45317 -0.0130007 11 
-3 0.00106898 1.45078 -0.029004 12 
-2.92 0.00134779 1.44853 -0.0379572 13 
-2.84 0.00169839 1.44506 -0.042354 14 
-2.76 0.00213905 1.44177 -0.0469702 15 
-2.68 0.00269219 1.43746 -0.0512994 16 
-2.6 0.00338645 1.43391 -0.0487285 17 
-2.52 0.00425668 1.42942 -0.0558388 18 
-2.44 0.00534605 1.42418 -0.0883693 19 
-2.36 0.00670492 1.41552 -0.104619 20 
-2.28 0.00839925 1.40813 -0.090686 21 
-2.2 0.0105085 1.40025 -0.125077 22 
-2.12 0.0131226 1.38847 -0.141923 23 
-2.04 0.0163596 1.37796 -0.128376 24 
-1.96 0.0203584 1.36677 -0.17133 25 
-1.88 0.0252706 1.35092 -0.202754 26 
-1.8 0.0312879 1.33494 -0.202035 27 
-1.72 0.038631 1.31765 -0.25033 28 
-1.64 0.0475268 1.29525 -0.282875 29 
-1.56 0.0582581 1.27243 -0.320482 30 
-1.48 0.0710833 1.24355 -0.358893 31 
-1.4 0.0863377 1.21509 -0.393817 32 
-1.32 0.104287 1.18051 -0.436117 33 
-1.24 0.125258 1.14517 -0.479122 34 
-1.16 0.149449 1.10364 -0.532055 35 
-1.08 0.17706 1.05957 -0.599944 36 
-1 0.208052 1.00812 -0.655665 37 
-0.92 0.242398 0.954948 -0.701797 38 
-0.84 0.279708 0.894782 -0.797158 39 
-0.76 0.319329 0.827985 -0.856455 40 
-0.68 0.360511 0.758122 -0.907114 41 
-0.6 0.402123 0.682732 -0.963405 42 
-0.52 0.442899 0.603645 -1.03041 43 
-0.44 0.481177 0.518079 -1.0944 44 
-0.36 0.515384 0.42923 -1.12344 45 
-0.28 0.544037 0.33816 -1.15611 46 
-0.2 0.565715 0.244208 -1.19291 47 
-0.12 0.579223 0.147485 -1.22341 48 
-0.04 0.583778 0.0489561 -1.23544 49 
0.04 0.579163 -0.0496082 -1.2269 50 
0.12 0.565692 -0.147092 -1.20574 51 
0.2 0.544144 -0.242726 -1.19256 52 
0.28 0.515522 -0.337703 -1.17319 53 
0.36 0.481257 -0.429867 -1.12941 54 
0.44 0.442968 -0.518154 -1.08135 55 
0.52 0.402245 -0.602728 -1.02664 56 
0.6 0.36064 -0.682375 -0.960013 57 
0.68 0.319529 -0.756449 -0.896185 58 
0.76 0.279975 -0.825922 -0.850774 59 
0.84 0.242737 -0.892007 -0.785425 60 
0.92 0.208456 -0.951565 -0.721734 61 
1 0.177416 -1.0077 -0.658152 62 
1.08 0.149812 -1.05697 -0.586969 63 
1.16 0.125589 -1.10228 -0.557146 64 
1.24 0.104555 -1.14567 -0.504033 65 
1.32 0.0865299 -1.18263 -0.432716 66 
1.4 0.0712343 -1.21572 -0.39973 67 
1.48 0.0583533 -1.24662 -0.35282 68 
1.56 0.0476047 -1.2724 -0.315312 69 
1.64 0.0386836 -1.29698 -0.281137 70 
1.72 0.0313313 -1.31749 -0.248994 71 
1.8 0.0252973 -1.33698 -0.217076 72 
1.88 0.0203756 -1.35225 -0.197954 73 
1.96 0.0163686 -1.3686 -0.177552 74 
2.04 0.0131243 -1.3806 -0.126683 75 
2.12 0.0105069 -1.39024 -0.130302 76 
2.2 0.00839673 -1.40117 -0.119392 77 
2.28 0.00670233 -1.40867 -0.0930771 78 
2.36 0.00534317 -1.41648 -0.087189 79 
2.44 0.00425531 -1.42282 -0.0895116 80 
2.52 0.00338476 -1.43053 -0.0696415 81 
2.6 0.0026907 -1.43427 -0.0453586 82 
2.68 0.00213763 -1.43814 -0.0592927 83 
2.76 0.00169683 -1.44337 -0.0657475 84 
2.84 0.00134591 -1.44806 -0.041509 85 
2.92 0.00106721 -1.45011 -0.021288 86 
3 0.000845948 -1.45219 -0.0330141 87 
3.08 0.000670253 -1.45501 -0.0305233 88 
3.16 0.000530907 -1.45668 -0.0152112 89 
3.24 0.000420451 -1.45787 -0.0113347 90 
3.32 0.000332928 -1.45877 -0.0163812 91 
3.4 0.000263554 -1.46041 -0.0198476 92 
3.48 0.000208587 -1.4619 -0.0161302 93 
3.56 0.000165053 -1.46304 -0.016493 94 
3.64 0.000130576 -1.46446 -0.0204455 95 
3.72 0.00010327 -1.46629 -0.0232016 96 
3.8 8.16549e-05 -1.46779 -0.00896844 97 
3.88 6.45678e-05 -1.46741 0.0295739 98 
3.96 5.10652e-05 -1.46633 0.0119571 99 
